GI1=10[A],GI2=50[A],GV1=0.00340[V],Timestamp[us]|| kI1=0.00161, bI1=100,kI2=0.00016, bI2=140, kV1=0.003400.0274,-0.0006,3.8419,534698[us],0
0.0258,-0.0003,3.8215,550783[us],0
0.0274,-0.0005,3.8249,566963[us],0
0.0274,-0.0003,3.8181,583061[us],0
0.0242,-0.0005,3.8283,599178[us],0
0.0290,-0.0005,3.8351,615333[us],0
0.0209,-0.0002,3.8283,631540[us],0
0.0306,-0.0003,3.8351,647615[us],0
0.0322,-0.0003,3.8249,663736[us],0
0.0258,-0.0003,3.8419,679822[us],0
0.0258,-0.0002,3.8249,695950[us],0
0.0242,0.0002,3.8555,712108[us],0
0.0274,-0.0005,3.8181,732685[us],0
0.0242,-0.0003,3.8385,748764[us],0
0.0258,-0.0003,3.8385,764892[us],0
0.0274,-0.0003,3.8317,781022[us],0
0.0258,-0.0003,3.8317,797150[us],0
0.0290,-0.0003,3.8283,813221[us],0
0.0258,-0.0005,3.8317,829356[us],0
0.0274,-0.0005,3.8351,845536[us],0
0.0290,0.0000,3.8487,861579[us],0
0.0274,0.0002,3.8283,885010[us],0
0.0274,-0.0003,3.8385,901014[us],0
0.0242,-0.0002,3.8147,917167[us],0
0.0226,-0.0003,3.8181,933261[us],0
0.0258,-0.0006,3.8351,949341[us],0
0.0274,0.0000,3.8249,969115[us],0
0.0306,0.0000,3.8317,985124[us],0
0.0274,-0.0003,3.8249,1001181[us],0
0.0306,0.0003,3.8249,1017214[us],0
0.0274,-0.0005,3.8317,1033344[us],0
0.0274,0.0000,3.8351,1049458[us],0
0.0274,0.0002,3.8283,1065583[us],0
0.0242,-0.0003,3.8181,1081685[us],0
0.0242,0.0000,3.8283,1099533[us],0
0.0242,0.0000,3.8283,1115572[us],0
0.0226,-0.0006,3.8351,1131735[us],0
0.0290,-0.0006,3.8181,1147763[us],0
0.0258,-0.0005,3.8317,1163783[us],0
0.0290,-0.0008,3.8419,1179862[us],0
0.0274,-0.0005,3.8317,1200496[us],0
0.0274,0.0000,3.8351,1216537[us],0
0.0242,-0.0006,3.8351,1232554[us],0
0.0274,-0.0002,3.8385,1248709[us],0
0.0258,-0.0005,3.8351,1264778[us],0
0.0226,-0.0008,3.8147,1280853[us],0
0.0306,-0.0006,3.8283,1296845[us],0
0.0258,-0.0006,3.8249,1313004[us],0
0.0274,-0.0005,3.8521,1329081[us],0
0.0274,-0.0002,3.8385,1345165[us],0
0.0274,-0.0003,3.8249,1361206[us],0
0.0274,-0.0005,3.8317,1377325[us],0
0.0290,-0.0002,3.8385,1393462[us],0
0.0322,-0.0003,3.8385,1411333[us],0
0.0290,-0.0005,3.8249,1431111[us],0
0.0274,-0.0006,3.8351,1447262[us],0
0.0387,0.0211,3.8181,1463344[us],0
0.0580,0.0205,3.8351,1479508[us],0
0.0306,0.0227,3.8521,1495525[us],0
0.0338,0.0330,3.8249,1511656[us],0
0.0354,0.0284,3.8317,1527787[us],0
0.0806,0.0285,3.8147,1545693[us],0
0.0290,0.0019,3.8283,1561728[us],0
0.1998,0.2818,3.7807,1577767[us],0
0.0918,0.0670,3.8147,1593805[us],0
0.0854,0.0646,3.8147,1610005[us],0
0.0757,0.0649,3.8113,1626037[us],0
0.0806,0.0648,3.8113,1642185[us],0
0.0806,0.0648,3.8011,1662883[us],0
0.0806,0.0651,3.8181,1679019[us],0
0.0806,0.0646,3.8045,1695014[us],0
0.0822,0.0645,3.8147,1711090[us],0
0.0854,0.0657,3.8113,1727143[us],0
0.0822,0.0653,3.8045,1743245[us],0
0.0822,0.0657,3.8045,1759345[us],0
0.0790,0.0656,3.8045,1775478[us],0
0.0790,0.0651,3.8113,1791584[us],0
0.0790,0.0653,3.8113,1807662[us],0
0.0806,0.0651,3.8113,1823837[us],0
0.0838,0.0654,3.8113,1839911[us],0
0.0773,0.0656,3.8045,1856080[us],0
0.0838,0.0653,3.8045,1872202[us],0
0.0822,0.0656,3.8215,1891984[us],0
0.0790,0.0646,3.8113,1908067[us],0
0.0806,0.0649,3.8215,1924165[us],0
0.0806,0.0649,3.8113,1940243[us],0
0.0806,0.0648,3.8113,1956432[us],0
0.0822,0.0649,3.8011,1972505[us],0
0.0790,0.0651,3.7977,1988584[us],0
0.0790,0.0651,3.8113,2004618[us],0
0.0854,0.0686,3.8147,2020786[us],0
0.0773,0.0649,3.8079,2036871[us],0
0.0886,0.3016,3.8113,2052955[us],0
0.0773,0.0645,3.8045,2068979[us],0
0.0822,0.0645,3.7977,2085145[us],0
0.0822,0.0646,3.8147,2101280[us],0
0.0806,0.0662,3.8045,2117414[us],0
0.0806,0.0648,3.8045,2137912[us],0
0.0806,0.0648,3.8045,2153986[us],0
0.0838,0.0645,3.8079,2170112[us],0
0.0790,0.0649,3.8045,2186232[us],0
0.0773,0.0645,3.8079,2202253[us],0
0.0790,0.0653,3.8079,2218371[us],0
0.0822,0.0651,3.8045,2234446[us],0
0.0822,0.0654,3.7977,2250619[us],0
0.0757,0.0657,3.8079,2266645[us],0
0.0741,0.0654,3.8079,2282772[us],0
0.0806,0.0653,3.8147,2298857[us],0
0.0790,0.0654,3.8113,2314994[us],0
0.0806,0.0648,3.8011,2331079[us],0
0.0806,0.0649,3.8147,2347208[us],0
0.0838,0.0654,3.8113,2377869[us],0
0.0870,0.0651,3.7943,2396578[us],0
0.0773,0.0653,3.7977,2415192[us],0
0.0806,0.0653,3.7909,2433871[us],0
0.0790,0.0651,3.8079,2452437[us],0
0.0838,0.0654,3.8079,2471112[us],0
0.0773,0.0653,3.8079,2489731[us],0
0.0806,0.3171,3.7773,2508392[us],0
0.0790,0.0648,3.8113,2527025[us],0
0.0741,0.0653,3.8113,2545700[us],0
0.0838,0.0653,3.8011,2564323[us],0
0.0822,0.0649,3.8045,2582989[us],0
0.0773,0.0643,3.7977,2601618[us],0
0.0757,0.0651,3.8011,2620240[us],0
0.0806,0.0654,3.8249,2643437[us],0
0.0822,0.0653,3.7909,2662114[us],0
0.0854,0.0659,3.8079,2680681[us],0
0.0870,0.0656,3.8079,2699343[us],0
0.0822,0.0657,3.8147,2718052[us],0
0.0822,0.0657,3.8147,2736732[us],0
0.0806,0.0657,3.8079,2755295[us],0
0.0806,0.0659,3.8079,2773957[us],0
0.0854,0.0649,3.8215,2792630[us],0
0.0790,0.0649,3.8147,2811306[us],0
0.0773,0.0659,3.8147,2829922[us],0
0.0822,0.0662,3.8079,2848591[us],0
0.0741,0.0675,3.8045,2867206[us],0
0.0806,0.0657,3.7943,2885924[us],0
0.0838,0.0656,3.8113,2908242[us],0
0.0806,0.0661,3.8147,2926871[us],0
0.0838,0.0648,3.8011,2945533[us],0
0.0854,0.0678,3.7535,2964239[us],0
0.0806,0.0651,3.7943,2983677[us],0
0.0822,0.0653,3.8079,3008857[us],0
0.0870,0.0659,3.8181,3027489[us],0
0.0806,0.0651,3.7977,3046119[us],0
0.0806,0.0648,3.8079,3064795[us],0
0.0822,0.0653,3.8045,3083504[us],0
0.0838,0.0653,3.8147,3102126[us],0
0.0806,0.0654,3.8113,3120802[us],0
0.0822,0.0657,3.8147,3139368[us],0
0.0806,0.0662,3.8079,3157984[us],0
0.0838,0.0664,3.8147,3176708[us],0
0.0838,0.0662,3.8079,3201646[us],0
0.0757,0.0659,3.7943,3220208[us],0
0.0790,0.0659,3.8045,3238892[us],0
0.0790,0.0654,3.8079,3257560[us],0
0.0838,0.0656,3.8045,3276166[us],0
0.0790,0.0646,3.8147,3294787[us],0
0.0870,0.0648,3.8079,3313411[us],0
0.0822,0.0646,3.8147,3332076[us],0
0.0806,0.0648,3.7977,3350754[us],0
0.0757,0.0654,3.8079,3369371[us],0
0.0806,0.0654,3.8113,3389712[us],0
0.0822,0.0662,3.7977,3408326[us],0
0.0806,0.0654,3.8215,3427039[us],0
0.0790,0.0648,3.8011,3445649[us],0
0.0822,0.0651,3.8011,3467856[us],0
0.0806,0.0657,3.7977,3486535[us],0
0.0870,0.0656,3.8079,3505315[us],0
0.0822,0.0653,3.8045,3523871[us],0
0.0806,0.0653,3.8045,3546051[us],0
0.0790,0.0661,3.8215,3564727[us],0
0.0790,0.0646,3.8147,3583436[us],0
0.0806,0.0645,3.8079,3602039[us],0
0.0790,0.0646,3.8079,3624325[us],0
0.0822,0.0640,3.8181,3642986[us],0
0.0790,0.0649,3.8215,3661582[us],0
0.0822,0.0654,3.8113,3680254[us],0
0.0854,0.0661,3.8079,3700908[us],0
0.0838,0.0651,3.8079,3719532[us],0
0.0822,0.0656,3.8079,3742676[us],0
0.0822,0.0653,3.8113,3763271[us],0
0.0790,0.0654,3.8045,3781897[us],0
0.0822,0.0648,3.8079,3800628[us],0
0.0773,0.0656,3.8079,3819241[us],0
0.0854,0.0649,3.8147,3838084[us],0
0.0773,0.0648,3.8045,3856740[us],0
0.0790,0.0643,3.8079,3875376[us],0
0.0790,0.0648,3.8181,3893989[us],0
0.0854,0.0643,3.8011,3912610[us],0
0.0773,0.0643,3.8079,3931302[us],0
0.0790,0.0649,3.7977,3951744[us],0
0.0790,0.0654,3.8079,3970312[us],0
0.0790,0.0651,3.8181,3988997[us],0
0.0806,0.0654,3.8113,4011418[us],0
0.0838,0.0653,3.8079,4031716[us],0
0.0806,0.0653,3.8113,4050375[us],0
0.0870,0.0654,3.8045,4072657[us],0
0.0838,0.0654,3.7977,4091311[us],0
0.0838,0.0651,3.8113,4109940[us],0
0.3142,0.0627,3.7977,4128571[us],0
0.0757,0.0653,3.8011,4147470[us],0
0.0773,0.0649,3.8079,4166138[us],0
0.0790,0.0653,3.8181,4186599[us],0
0.0870,0.0648,3.8079,4205257[us],0
0.0822,0.0646,3.8113,4225805[us],0
0.0806,0.0651,3.8079,4244421[us],0
0.0757,0.0648,3.7977,4263037[us],0
0.0806,0.0651,3.8079,4286288[us],0
0.0773,0.0651,3.8079,4304842[us],0
0.0790,0.0653,3.8045,4323454[us],0
0.0806,0.0651,3.8079,4342115[us],0
0.0854,0.0653,3.8079,4360775[us],0
0.0822,0.0651,3.8113,4379345[us],0
0.0790,0.0648,3.8079,4398004[us],0
0.0838,0.0649,3.8113,4416618[us],0
0.0870,0.0656,3.8079,4435256[us],0
0.0822,0.0651,3.8045,4453908[us],0
0.0806,0.0648,3.8045,4472593[us],0
0.0757,0.0654,3.8147,4491202[us],0
0.0822,0.0649,3.8181,4509884[us],0
0.0757,0.0656,3.8079,4528560[us],0
0.0822,0.0653,3.8113,4547175[us],0
0.0757,0.0653,3.8045,4580432[us],0
0.0838,0.0659,3.8147,4599103[us],0
0.0886,0.0654,3.7943,4617673[us],0
0.0822,0.0654,3.7977,4636348[us],0
0.0773,0.0651,3.7977,4654932[us],0
0.0838,0.0649,3.8079,4673661[us],0
0.0838,0.0661,3.8079,4692348[us],0
0.0822,0.0646,3.8079,4711004[us],0
0.0757,0.0649,3.8079,4729640[us],0
0.0822,0.0645,3.7977,4748305[us],0
0.0790,0.0653,3.8113,4766879[us],0
0.0806,0.0649,3.7943,4785542[us],0
0.0838,0.0646,3.8113,4804163[us],0
0.0822,0.0653,3.8079,4822860[us],0
0.0790,0.0646,3.8181,4846037[us],0
0.0773,0.0649,3.8113,4864712[us],0
0.0822,0.0653,3.8079,4883335[us],0
0.0806,0.0656,3.8011,4902007[us],0
0.0757,0.0657,3.8045,4920681[us],0
0.0806,0.0661,3.8147,4939324[us],0
0.0790,0.0661,3.8011,4957929[us],0
0.0806,0.0657,3.8147,4976602[us],0
0.0806,0.0656,3.8113,4995280[us],0
0.0757,0.0649,3.8147,5013944[us],0
0.0806,0.0646,3.8079,5032576[us],0
0.0806,0.0648,3.8045,5051237[us],0
0.0790,0.0653,3.7977,5069848[us],0
0.0773,0.0654,3.8113,5088576[us],0
0.0822,0.0653,3.8147,5110904[us],0
0.0822,0.0653,3.8079,5129485[us],0
0.0838,0.0653,3.8215,5148147[us],0
0.0838,0.0654,3.7943,5166783[us],0
0.0822,0.0659,3.7943,5185454[us],0
0.0806,0.0643,3.8045,5204103[us],0
0.0838,0.0649,3.8147,5222764[us],0
0.0822,0.0651,3.8045,5241436[us],0
0.0822,0.0646,3.8215,5260132[us],0
0.0773,0.0651,3.8147,5278752[us],0
0.0838,0.0653,3.8079,5297423[us],0
0.0822,0.0654,3.8011,5316116[us],0
0.0806,0.0661,3.8079,5334822[us],0
0.0854,0.0649,3.7943,5354222[us],0
0.0822,0.3015,3.7671,5383881[us],0
0.0790,0.0654,3.8045,5402587[us],0
0.0806,0.0656,3.8045,5421214[us],0
0.0773,0.0649,3.8113,5439822[us],0
0.0838,0.0656,3.8011,5458454[us],0
0.0838,0.0659,3.8011,5477245[us],0
0.0790,0.0651,3.8181,5495854[us],0
0.0822,0.0654,3.8181,5514486[us],0
0.0806,0.0654,3.8011,5533115[us],0
0.0773,0.0656,3.8011,5551735[us],0
0.0822,0.0657,3.7977,5570287[us],0
0.0773,0.0654,3.8079,5588896[us],0
0.0870,0.0657,3.8079,5607525[us],0
0.0806,0.0653,3.7977,5626248[us],0
0.0806,0.0654,3.8147,5644881[us],0
0.0806,0.0656,3.8147,5667151[us],0
0.0806,0.0657,3.8045,5685822[us],0
0.0806,0.0661,3.8045,5704464[us],0
0.0806,0.0664,3.8045,5723092[us],0
0.0822,0.0654,3.8011,5741652[us],0
0.0757,0.0653,3.8113,5760282[us],0
0.0806,0.0662,3.8181,5778982[us],0
0.0870,0.0690,3.8045,5797697[us],0
0.0886,0.0648,3.8011,5816327[us],0
0.0806,0.0646,3.8011,5834999[us],0
0.0838,0.0656,3.8045,5853630[us],0
0.0870,0.0646,3.8113,5874042[us],0
0.0854,0.0651,3.8079,5892610[us],0
0.0806,0.0646,3.8181,5911316[us],0
0.0854,0.0656,3.8079,5934568[us],0
0.0822,0.0659,3.8045,5953240[us],0
0.0838,0.0662,3.8147,5971916[us],0
0.0806,0.0659,3.8011,5990576[us],0
0.0806,0.0657,3.8079,6009204[us],0
0.0870,0.0664,3.8249,6027867[us],0
0.0838,0.0656,3.7977,6048231[us],0
0.0806,0.0648,3.7977,6066896[us],0
0.0790,0.0651,3.7977,6085529[us],0
0.0790,0.0653,3.8079,6104143[us],0
0.0773,0.0656,3.8011,6122840[us],0
0.0757,0.0653,3.8113,6141437[us],0
0.0838,0.0654,3.7943,6160077[us],0
0.0870,0.0653,3.8147,6178744[us],0
0.0822,0.0653,3.8113,6201080[us],0
0.0773,0.0649,3.7909,6219654[us],0
0.0838,0.0656,3.8045,6238332[us],0
0.0822,0.0651,3.8113,6256905[us],0
0.0822,0.0651,3.8079,6275599[us],0
0.0790,0.0654,3.8181,6294170[us],0
0.0773,0.0653,3.8113,6312764[us],0
0.0790,0.0654,3.8079,6331341[us],0
0.0806,0.0657,3.7977,6350025[us],0
0.0790,0.0651,3.7943,6368701[us],0
0.0757,0.0651,3.8011,6387337[us],0
0.0838,0.0654,3.8079,6405901[us],0
0.0822,0.0649,3.8079,6424575[us],0
0.0822,0.0656,3.8079,6443323[us],0
0.0822,0.0657,3.8045,6466392[us],0
0.0822,0.0656,3.8079,6484999[us],0
0.0854,0.0657,3.8011,6503572[us],0
0.0870,0.0656,3.8079,6522166[us],0
0.0838,0.0651,3.8147,6540770[us],0
0.0854,0.0657,3.8045,6559356[us],0
0.0854,0.0659,3.8147,6577908[us],0
0.0838,0.0659,3.8045,6596423[us],0
0.0822,0.0657,3.8147,6615009[us],0
0.0838,0.0656,3.8079,6633571[us],0
0.0838,0.0659,3.8113,6652182[us],0
0.0854,0.0645,3.8113,6670696[us],0
0.0790,0.0640,3.8147,6689399[us],0
0.0838,0.0649,3.8079,6707960[us],0
0.0773,0.0643,3.8011,6742202[us],0
0.0757,0.0649,3.8011,6761873[us],0
0.0838,0.0645,3.8045,6781595[us],0
0.0838,0.0657,3.8011,6801202[us],0
0.0838,0.0657,3.7977,6820872[us],0
0.0790,0.0727,3.8113,6840478[us],0
0.0822,0.0654,3.8113,6860210[us],0
0.0854,0.0649,3.8113,6879783[us],0
0.0822,0.0654,3.8079,6899458[us],0
0.0838,0.0701,3.7943,6919061[us],0
0.0822,0.0654,3.8045,6938768[us],0
0.0773,0.0648,3.8147,6958465[us],0
0.0838,0.0659,3.7909,6978163[us],0
0.0822,0.0657,3.8113,6997688[us],0
0.0822,0.0656,3.8079,7017353[us],0
0.0790,0.0654,3.8045,7041544[us],0
0.0757,0.0646,3.8045,7060010[us],0
0.0773,0.0662,3.8045,7078437[us],0
0.0790,0.0651,3.8181,7096815[us],0
0.0838,0.0654,3.8045,7115311[us],0
0.0838,0.0651,3.8079,7133780[us],0
0.0854,0.0651,3.8011,7152213[us],0
0.0806,0.0649,3.8079,7170584[us],0
0.0790,0.0656,3.8079,7189075[us],0
0.0773,0.0657,3.7977,7207567[us],0
0.0790,0.0661,3.8113,7226026[us],0
0.0822,0.0656,3.8113,7244501[us],0
0.0806,0.0661,3.8113,7262924[us],0
0.0838,0.0651,3.8181,7281453[us],0
0.0773,0.0645,3.8011,7303583[us],0
0.0838,0.0651,3.8045,7322014[us],0
0.0838,0.0649,3.8113,7340419[us],0
0.0773,0.0654,3.8045,7358897[us],0
0.0790,0.0651,3.8011,7377372[us],0
0.0806,0.0661,3.8181,7395794[us],0
0.0822,0.0662,3.8147,7414212[us],0
0.0806,0.0648,3.8011,7432697[us],0
0.0806,0.0654,3.8147,7451185[us],0
0.0822,0.0651,3.8079,7469611[us],0
0.0790,0.0653,3.8147,7488088[us],0
0.0757,0.0648,3.8045,7506505[us],0
0.0838,0.0661,3.8011,7525018[us],0
0.0773,0.0653,3.8147,7543439[us],0
0.0838,0.0657,3.7977,7566392[us],0
0.0822,0.0657,3.7943,7584814[us],0
0.0822,0.0659,3.7977,7603341[us],0
0.0806,0.0664,3.8011,7621770[us],0
0.0854,0.0661,3.8045,7640233[us],0
0.0806,0.0657,3.8147,7658650[us],0
0.0806,0.0646,3.7943,7677268[us],0
0.0806,0.0662,3.8113,7695743[us],0
0.0806,0.0653,3.8045,7721517[us],0
0.0854,0.0657,3.8045,7739936[us],0
0.0806,0.0657,3.8079,7758345[us],0
0.0806,0.0654,3.8147,7776725[us],0
0.0806,0.0662,3.8011,7795157[us],0
0.0806,0.0657,3.8113,7813595[us],0
0.0854,0.0657,3.8079,7835692[us],0
0.0790,0.0653,3.7943,7854104[us],0
0.0790,0.0649,3.8147,7872587[us],0
0.0822,0.0711,3.8079,7891221[us],0
0.0854,0.0653,3.8079,7909681[us],0
0.0806,0.0653,3.8045,7928085[us],0
0.0773,0.0657,3.8181,7946505[us],0
0.0822,0.0654,3.8215,7965069[us],0
0.0822,0.0651,3.8011,7983552[us],0
0.0773,0.0661,3.8079,8001963[us],0
0.0854,0.0651,3.8147,8020341[us],0
0.0773,0.0646,3.7977,8038838[us],0
0.0806,0.0645,3.8113,8057367[us],0
0.0838,0.0659,3.8045,8077615[us],0
0.0822,0.0651,3.8113,8096057[us],0
0.0838,0.0649,3.8045,8122529[us],0
0.0790,0.0653,3.8113,8141024[us],0
0.0757,0.0659,3.8147,8159396[us],0
0.0822,0.0659,3.7943,8177946[us],0
0.0822,0.0653,3.8045,8196336[us],0
0.0870,0.0664,3.8113,8214979[us],0
0.0854,0.0656,3.8079,8233402[us],0
0.3174,0.0383,3.7705,8252025[us],0
0.0854,0.0659,3.8011,8270457[us],0
0.0822,0.0648,3.8045,8288954[us],0
0.0790,0.0665,3.8113,8307432[us],0
0.0822,0.0661,3.8181,8327621[us],0
0.0838,0.0656,3.8147,8346006[us],0
0.0838,0.0661,3.8079,8364439[us],0
0.0854,0.0657,3.7977,8386575[us],0
0.0854,0.0661,3.8079,8408677[us],0
0.0806,0.0662,3.8045,8427095[us],0
0.0838,0.0659,3.8147,8445473[us],0
0.0790,0.0657,3.8045,8463967[us],0
0.0854,0.0656,3.8147,8484390[us],0
0.0838,0.0657,3.7977,8502873[us],0
0.0838,0.0654,3.7977,8521309[us],0
0.0822,0.0659,3.8181,8539740[us],0
0.0483,0.0654,3.7977,8560110[us],0
0.0822,0.0667,3.8079,8578588[us],0
0.0870,0.0659,3.8147,8597008[us],0
0.0806,0.0646,3.8113,8615433[us],0
0.0838,0.0653,3.8147,8634014[us],0
0.0854,0.0651,3.8181,8658871[us],0
0.0790,0.0645,3.8147,8677305[us],0
0.0838,0.0645,3.7977,8699256[us],0
0.0790,0.0662,3.8147,8717680[us],0
0.0790,0.0657,3.8113,8736116[us],0
0.0822,0.0651,3.7909,8754531[us],0
0.0838,0.0664,3.8011,8776599[us],0
0.0790,0.0649,3.7943,8794963[us],0
0.0806,0.0651,3.8079,8813473[us],0
0.0806,0.0657,3.8181,8831907[us],0
0.0773,0.0653,3.7977,8853893[us],0
0.0806,0.0659,3.7943,8872364[us],0
0.0773,0.0645,3.8045,8890950[us],0
0.0773,0.0641,3.8113,8909376[us],0
0.0741,0.0643,3.7977,8942364[us],0
0.0822,0.0646,3.8113,8960857[us],0
0.0822,0.0651,3.8113,8979287[us],0
0.0741,0.0646,3.8113,8997720[us],0
0.0838,0.0656,3.8079,9016256[us],0
0.0838,0.0661,3.8113,9034689[us],0
0.0790,0.0654,3.8011,9053206[us],0
0.0822,0.0653,3.7977,9071594[us],0
0.0838,0.0657,3.8011,9090087[us],0
0.0822,0.0649,3.8079,9108458[us],0
0.0854,0.0657,3.7977,9126993[us],0
0.0806,0.0648,3.8011,9145423[us],0
0.0757,0.0645,3.8045,9163880[us],0
0.0838,0.0640,3.8079,9182312[us],0
0.0822,0.0648,3.7943,9205368[us],0
0.0790,0.0646,3.8045,9223759[us],0
0.0822,0.0651,3.7875,9242174[us],0
0.0854,0.0643,3.8079,9260603[us],0
0.0790,0.0649,3.8079,9279025[us],0
0.0725,0.0648,3.8011,9297501[us],0
0.0725,0.0649,3.8079,9315971[us],0
0.0806,0.0656,3.8011,9334399[us],0
0.0854,0.0667,3.8045,9352837[us],0
0.0822,0.0661,3.8045,9371349[us],0
0.0806,0.0657,3.8011,9389826[us],0
0.0822,0.0657,3.8045,9408276[us],0
0.0854,0.0653,3.8113,9426728[us],0
0.0773,0.0661,3.8113,9445189[us],0
0.0838,0.0657,3.8181,9463669[us],0
0.0806,0.0661,3.8011,9485763[us],0
0.0773,0.0651,3.8011,9504143[us],0
0.0822,0.0649,3.8113,9522623[us],0
0.0838,0.0654,3.8147,9541057[us],0
0.0790,0.0657,3.8113,9559528[us],0
0.0838,0.0657,3.7977,9577903[us],0
0.0806,0.0662,3.8079,9596325[us],0
0.0854,0.0659,3.8011,9614763[us],0
0.0822,0.0656,3.8181,9633232[us],0
0.0822,0.0653,3.8147,9651680[us],0
0.0822,0.0648,3.8079,9670143[us],0
0.0822,0.0648,3.7943,9688521[us],0
0.0822,0.0648,3.8113,9707041[us],0
0.0806,0.0646,3.8045,9725470[us],0
0.0854,0.0651,3.8045,9748402[us],0
0.0822,0.0654,3.8011,9766822[us],0
0.0854,0.0654,3.8011,9785352[us],0
0.0806,0.0657,3.8045,9803773[us],0
0.0790,0.0653,3.8011,9822239[us],0
0.0757,0.0670,3.7977,9840701[us],0
0.0806,0.0659,3.7943,9859231[us],0
0.0790,0.0648,3.8181,9877727[us],0
0.0773,0.0654,3.8181,9896193[us],0
0.0806,0.0659,3.8147,9914633[us],0
0.0822,0.0651,3.7943,9933045[us],0
0.0854,0.0709,3.8045,9951528[us],0
0.0806,0.0651,3.7977,9969947[us],0
0.0773,0.0649,3.8011,9988374[us],0
0.0822,0.0654,3.8045,10010582[us],0
0.0790,0.0654,3.7977,10029100[us],0
0.0790,0.0654,3.8113,10048282[us],0
0.0870,0.0648,3.8011,10073249[us],0
0.0822,0.0653,3.8079,10091805[us],0
0.0822,0.0661,3.8011,10110170[us],0
0.0838,0.0657,3.8011,10128658[us],0
0.0854,0.0661,3.8011,10147100[us],0
0.0838,0.0664,3.8045,10165527[us],0
0.0870,0.0662,3.8045,10184014[us],0
0.0838,0.0661,3.8011,10202445[us],0
0.0838,0.0656,3.8011,10220853[us],0
0.0886,0.0654,3.8079,10239307[us],0
0.0790,0.0656,3.8045,10257774[us],0
0.0854,0.0651,3.8113,10280707[us],0
0.0806,0.0651,3.8079,10299134[us],0
0.0838,0.0657,3.8011,10317646[us],0
0.0918,0.0657,3.8011,10336108[us],0
0.0790,0.0653,3.8079,10354630[us],0
0.0822,0.0654,3.8011,10374726[us],0
0.0854,0.0651,3.8011,10393239[us],0
0.0773,0.0649,3.8181,10411681[us],0
0.0838,0.0662,3.7943,10430116[us],0
0.0790,0.0651,3.8181,10448606[us],0
0.0806,0.0649,3.8147,10467067[us],0
0.0757,0.0656,3.8079,10485575[us],0
0.0532,0.0653,3.8079,10503998[us],0
0.0790,0.0648,3.8011,10522478[us],0
0.0838,0.0641,3.8079,10544481[us],0
0.0806,0.0649,3.8181,10563021[us],0
0.0790,0.0651,3.8113,10581403[us],0
0.0773,0.0656,3.8181,10599928[us],0
0.0806,0.0653,3.8045,10618315[us],0
0.0822,0.0646,3.7909,10636842[us],0
0.0806,0.0649,3.8011,10655229[us],0
0.0806,0.0659,3.8113,10677221[us],0
0.0838,0.0659,3.8079,10695701[us],0
0.0822,0.0659,3.8079,10714184[us],0
0.0806,0.0661,3.8147,10732621[us],0
0.0838,0.0657,3.8079,10752803[us],0
0.0854,0.0659,3.8011,10771169[us],0
0.0822,0.0656,3.7977,10789658[us],0
0.0838,0.0653,3.8079,10814470[us],0
0.0790,0.0659,3.8011,10832908[us],0
0.0741,0.0657,3.8045,10851344[us],0
0.0806,0.0654,3.8045,10869771[us],0
0.0806,0.0657,3.8045,10888259[us],0
0.0838,0.0651,3.7943,10906641[us],0
0.0790,0.0659,3.8147,10925092[us],0
0.0854,0.0656,3.8045,10943527[us],0
0.0757,0.0651,3.8011,10961922[us],0
0.0838,0.0648,3.7943,10980415[us],0
0.0806,0.0657,3.8147,10998879[us],0
0.0790,0.0653,3.8045,11017376[us],0
0.0790,0.0656,3.8045,11035810[us],0
0.0806,0.0661,3.8011,11068985[us],0
0.0838,0.0656,3.8079,11087383[us],0
0.0790,0.0651,3.7909,11105876[us],0
0.0757,0.0654,3.7977,11124371[us],0
0.0838,0.0661,3.8045,11142896[us],0
0.0806,0.0654,3.8147,11161292[us],0
0.0806,0.0669,3.8079,11179808[us],0
0.0790,0.0654,3.8181,11198192[us],0
0.0773,0.0654,3.8113,11216696[us],0
0.0806,0.0651,3.7977,11235079[us],0
0.0822,0.0653,3.8011,11253617[us],0
0.0838,0.0646,3.8113,11272004[us],0
0.0773,0.0646,3.7977,11290599[us],0
0.0790,0.0645,3.8113,11308986[us],0
0.0902,0.0645,3.8045,11331962[us],0
0.0806,0.0645,3.8181,11350352[us],0
0.0822,0.0651,3.8079,11368889[us],0
0.0806,0.0646,3.8113,11387329[us],0
0.0806,0.0646,3.8079,11405763[us],0
0.0806,0.0651,3.8011,11424135[us],0
0.0822,0.0651,3.8113,11442618[us],0
0.0806,0.0643,3.8045,11461110[us],0
0.0854,0.0645,3.7943,11479509[us],0
0.0790,0.0651,3.8079,11497947[us],0
0.0790,0.0651,3.8249,11516437[us],0
0.0838,0.0648,3.8045,11534955[us],0
0.0822,0.0656,3.8147,11553454[us],0
0.0806,0.0659,3.8045,11571840[us],0
0.0806,0.0653,3.8079,11593970[us],0
0.0806,0.0653,3.8011,11612548[us],0
0.0790,0.0649,3.8181,11630920[us],0
0.0822,0.0648,3.8079,11649356[us],0
0.0822,0.0654,3.8147,11667789[us],0
0.0854,0.0654,3.8045,11686262[us],0
0.0854,0.0648,3.8113,11704816[us],0
0.0773,0.0643,3.8045,11723341[us],0
0.0822,0.0659,3.8011,11741779[us],0
0.0806,0.0665,3.8011,11760237[us],0
0.0741,0.0661,3.8079,11778681[us],0
0.0806,0.0661,3.8147,11797161[us],0
0.0773,0.0661,3.8045,11815595[us],0
0.0790,0.0656,3.8181,11834078[us],0
0.0838,0.0646,3.8045,11856919[us],0
0.0870,0.0638,3.7943,11875419[us],0
0.0790,0.0649,3.8079,11893907[us],0
0.0790,0.0649,3.7943,11912352[us],0
0.0806,0.0651,3.8113,11930791[us],0
0.0838,0.0651,3.8045,11949325[us],0
0.0838,0.0649,3.8147,11967759[us],0
0.0838,0.0659,3.8147,11986088[us],0
0.0806,0.0657,3.8045,12004615[us],0
0.0822,0.0651,3.7909,12023142[us],0
0.0806,0.0653,3.8045,12041607[us],0
0.0757,0.0653,3.7943,12060040[us],0
0.0790,0.0659,3.7977,12078517[us],0
0.0838,0.0659,3.7977,12096994[us],0
0.0838,0.0656,3.7977,12119193[us],0
0.0790,0.0657,3.8249,12137638[us],0
0.0854,0.0654,3.7943,12156111[us],0
0.0822,0.0657,3.7977,12174598[us],0
0.0822,0.0648,3.7977,12193130[us],0
0.0838,0.0648,3.8147,12211493[us],0
0.0806,0.0653,3.8079,12229919[us],0
0.0822,0.0651,3.8045,12248364[us],0
0.0822,0.0659,3.8147,12266853[us],0
0.0822,0.0661,3.8113,12285336[us],0
0.0806,0.0657,3.7977,12303810[us],0
0.0854,0.0656,3.8045,12322294[us],0
0.0854,0.0654,3.7943,12340834[us],0
0.0806,0.0656,3.8011,12359337[us],0
0.0806,0.0649,3.8011,12389598[us],0
0.0790,0.0649,3.8181,12408012[us],0
0.0790,0.0661,3.8045,12426453[us],0
0.0838,0.0656,3.8079,12444832[us],0
0.0806,0.0646,3.8147,12463280[us],0
0.0822,0.0657,3.8113,12481727[us],0
0.0806,0.0653,3.8147,12500170[us],0
0.0822,0.0651,3.8147,12518548[us],0
0.0838,0.0649,3.8045,12537057[us],0
0.0806,0.0654,3.8045,12555513[us],0
0.0757,0.0648,3.8045,12573955[us],0
0.0806,0.0646,3.8045,12592438[us],0
0.0806,0.0653,3.8045,12610928[us],0
0.0790,0.0654,3.8113,12629450[us],0
0.0806,0.0643,3.7909,12645662[us],0
0.0806,0.0651,3.8079,12664084[us],0
0.0790,0.0646,3.8045,12682510[us],0
0.0838,0.0648,3.8045,12700910[us],0
0.0822,0.0653,3.8215,12719405[us],0
0.0854,0.3049,3.7943,12737831[us],0
0.0854,0.0654,3.8113,12756277[us],0
0.0790,0.0656,3.8011,12774704[us],0
0.0838,0.0657,3.8011,12793061[us],0
0.0790,0.0656,3.8011,12811548[us],0
0.0806,0.0662,3.8113,12829982[us],0
0.0822,0.0661,3.7943,12848501[us],0
0.0854,0.0661,3.8147,12866975[us],0
0.0838,0.0701,3.7773,12889189[us],0
0.0838,0.0653,3.7943,12907661[us],0
0.0822,0.0653,3.8113,12927888[us],0
0.0806,0.0649,3.8045,12946298[us],0
0.0822,0.0645,3.8079,12964759[us],0
0.0854,0.0653,3.8079,12983192[us],0
0.0822,0.0653,3.8147,13001734[us],0
0.0854,0.0645,3.8079,13020194[us],0
0.0822,0.0651,3.8079,13038700[us],0
0.0773,0.0649,3.7909,13057141[us],0
0.0790,0.0654,3.8113,13077356[us],0
0.0822,0.0657,3.8011,13095818[us],0
0.0790,0.0653,3.8079,13114319[us],0
0.0790,0.0653,3.8147,13132807[us],0
0.3223,0.2955,3.8045,13166557[us],0
0.0838,0.0651,3.8045,13185083[us],0
0.0790,0.0651,3.8079,13203587[us],0
0.0822,0.0656,3.7977,13221951[us],0
0.0822,0.0648,3.7977,13240419[us],0
0.0822,0.0653,3.7841,13258841[us],0
0.0806,0.0654,3.8113,13277300[us],0
0.0806,0.0659,3.8113,13295723[us],0
0.0822,0.0690,3.8147,13314167[us],0
0.0854,0.0646,3.8011,13332681[us],0
0.0854,0.0670,3.8045,13351170[us],0
0.0822,0.0646,3.8113,13369598[us],0
0.0806,0.0664,3.8011,13388045[us],0
0.0757,0.0646,3.7977,13406485[us],0
0.0822,0.0648,3.8011,13428599[us],0
0.0806,0.0649,3.8181,13447021[us],0
0.0854,0.0646,3.8113,13465469[us],0
0.0822,0.0649,3.8011,13483842[us],0
0.0870,0.0667,3.8079,13502309[us],0
0.0870,0.0651,3.8011,13520684[us],0
0.0822,0.0653,3.8011,13539284[us],0
0.0854,0.0653,3.7977,13557658[us],0
0.0838,0.0667,3.8045,13576112[us],0
0.0854,0.0649,3.8113,13594490[us],0
0.0854,0.0654,3.7977,13613073[us],0
0.0806,0.0659,3.8147,13631447[us],0
0.0854,0.2954,3.7841,13649909[us],0
0.0822,0.0654,3.8079,13668345[us],0
0.0822,0.0659,3.7977,13691345[us],0
0.0854,0.0656,3.8045,13709801[us],0
0.0854,0.0653,3.8079,13728185[us],0
0.0790,0.0653,3.8011,13746618[us],0
0.0838,0.0661,3.8113,13765034[us],0
0.0806,0.0654,3.8113,13783516[us],0
0.0838,0.3018,3.7773,13801978[us],0
0.0790,0.0657,3.8181,13820352[us],0
0.0806,0.0619,3.8079,13838768[us],0
0.0870,0.0661,3.7977,13857259[us],0
0.0822,0.0662,3.7977,13875670[us],0
0.0838,0.0656,3.7977,13894044[us],0
0.0790,0.0664,3.7977,13912513[us],0
0.0822,0.0653,3.8079,13930924[us],0
0.0822,0.0690,3.8113,13953053[us],0
0.0790,0.0659,3.8079,13971450[us],0
0.0790,0.0669,3.8079,13989860[us],0
0.0838,0.0653,3.8045,14008325[us],0
0.0854,0.0665,3.7909,14026743[us],0
0.0822,0.0656,3.8079,14045229[us],0
0.0838,0.0657,3.8011,14063649[us],0
0.0854,0.0651,3.8079,14082146[us],0
0.0806,0.0654,3.8181,14100622[us],0
0.0806,0.0649,3.8045,14119005[us],0
0.0806,0.0648,3.7943,14137425[us],0
0.0822,0.0656,3.8079,14155846[us],0
0.0757,0.0643,3.8113,14174284[us],0
0.0773,0.0640,3.8045,14192818[us],0
0.0806,0.0645,3.8113,14215743[us],0
0.0838,0.0657,3.8113,14234217[us],0
0.0854,0.0657,3.8215,14252610[us],0
0.0790,0.0665,3.8147,14271132[us],0
0.0854,0.0659,3.8045,14289548[us],0
0.0822,0.0657,3.7977,14307974[us],0
0.0790,0.0654,3.7977,14326437[us],0
0.0822,0.0657,3.8045,14344956[us],0
0.0806,0.0661,3.8113,14363380[us],0
0.0838,0.0656,3.8045,14381834[us],0
0.0790,0.0656,3.8147,14400214[us],0
0.0773,0.0649,3.8079,14418670[us],0
0.0790,0.0653,3.7977,14437157[us],0
0.0806,0.0651,3.8045,14459236[us],0
0.0806,0.0646,3.7909,14477764[us],0
0.0870,0.0646,3.8113,14496190[us],0
0.0790,0.0649,3.8045,14514712[us],0
0.0806,0.0653,3.8079,14533147[us],0
0.0790,0.0656,3.8249,14551587[us],0
0.0790,0.0656,3.8147,14570006[us],0
0.0838,0.0649,3.7943,14588525[us],0
0.0822,0.0654,3.8113,14606944[us],0
0.0806,0.0649,3.7943,14625364[us],0
0.0806,0.0657,3.7943,14643779[us],0
0.0838,0.0645,3.7977,14662201[us],0
0.0838,0.0645,3.8045,14680697[us],0
0.0790,0.0654,3.8011,14699893[us],0
0.0806,0.0646,3.7977,14729330[us],0
0.0854,0.0646,3.8113,14747767[us],0
0.0822,0.0649,3.8079,14767959[us],0
0.0757,0.0654,3.8079,14786419[us],0
0.0822,0.0648,3.8181,14804846[us],0
0.0757,0.0656,3.7977,14823280[us],0
0.0806,0.0645,3.7977,14841677[us],0
0.0822,0.0654,3.7977,14860145[us],0
0.0822,0.0651,3.8113,14878654[us],0
0.0806,0.0645,3.8011,14897038[us],0
0.0822,0.0654,3.8011,14915551[us],0
0.0822,0.0654,3.8079,14933915[us],0
0.0790,0.0653,3.8147,14954107[us],0
0.0741,0.0648,3.8079,14972584[us],0
0.0806,0.0654,3.8011,14994649[us],0
0.0822,0.0651,3.8215,15013026[us],0
0.0870,0.0657,3.8045,15031531[us],0
0.0838,0.0653,3.8079,15050057[us],0
0.0806,0.0649,3.8147,15068500[us],0
0.0822,0.0707,3.8113,15086916[us],0
0.0838,0.0646,3.8215,15108935[us],0
0.0822,0.0651,3.8079,15127415[us],0
0.0806,0.0649,3.8113,15145850[us],0
0.0838,0.0654,3.8113,15164279[us],0
0.0790,0.0654,3.8045,15186280[us],0
0.0757,0.0651,3.8147,15204743[us],0
0.0790,0.0656,3.8079,15223305[us],0
0.0854,0.0645,3.8011,15241715[us],0
0.0822,0.0649,3.8113,15280673[us],0
0.0790,0.0651,3.8113,15299423[us],0
0.0822,0.0654,3.8045,15321595[us],0
0.0822,0.0651,3.8079,15340391[us],0
0.0838,0.0649,3.8011,15359034[us],0
0.0757,0.0654,3.8045,15377739[us],0
0.0773,0.0657,3.8045,15398292[us],0
0.0790,0.0653,3.7977,15416877[us],0
0.0822,0.0659,3.8147,15435595[us],0
0.0790,0.0661,3.8011,15454270[us],0
0.0773,0.0659,3.7977,15474732[us],0
0.0806,0.0657,3.7943,15493387[us],0
0.0838,0.0664,3.7875,15512137[us],0
0.0806,0.0651,3.8045,15530768[us],0
0.0790,0.0653,3.8011,15553104[us],0
0.0854,0.0654,3.7943,15571697[us],0
0.0967,0.0728,3.8045,15590356[us],0
0.0806,0.0664,3.7977,15608936[us],0
0.0822,0.0653,3.7943,15631198[us],0
0.0870,0.0665,3.7977,15649822[us],0
0.0822,0.0669,3.8079,15668442[us],0
0.0854,0.0672,3.8113,15687084[us],0
0.0822,0.0653,3.7977,15707574[us],0
0.0822,0.0696,3.7943,15726319[us],0
0.0806,0.0659,3.7909,15744936[us],0
0.0790,0.0646,3.8147,15763580[us],0
0.0822,0.0661,3.8181,15785764[us],0
0.0806,0.0656,3.8147,15804523[us],0
0.0838,0.0654,3.8011,15827642[us],0
0.0773,0.0659,3.8113,15846380[us],0
0.0806,0.0661,3.8045,15865022[us],0
0.0822,0.0661,3.8181,15883854[us],0
0.0806,0.0653,3.8215,15902496[us],0
0.0806,0.0648,3.7943,15924755[us],0
0.0790,0.0653,3.8045,15943392[us],0
0.0806,0.0657,3.8113,15962076[us],0
0.0790,0.0653,3.7909,15980760[us],0
0.0838,0.0691,3.8147,15999360[us],0
0.0790,0.0657,3.8079,16018033[us],0
0.0773,0.0664,3.8147,16036657[us],0
0.0790,0.0656,3.8045,16055345[us],0
0.0822,0.0657,3.8045,16077670[us],0
0.0822,0.0656,3.8113,16096309[us],0
0.0741,0.0653,3.8147,16114947[us],0
0.0822,0.0656,3.8079,16133650[us],0
0.0822,0.0653,3.8181,16152241[us],0
0.0838,0.0659,3.7977,16170932[us],0
0.0806,0.0648,3.8045,16189586[us],0
0.0838,0.0653,3.8011,16208268[us],0
0.0790,0.0645,3.7943,16226904[us],0
0.0806,0.0654,3.8011,16245584[us],0
0.0806,0.0651,3.8045,16264216[us],0
0.0773,0.0654,3.8113,16282888[us],0
0.0838,0.0651,3.8045,16301524[us],0
0.0806,0.0657,3.8079,16320125[us],0
0.0822,0.0649,3.8011,16343259[us],0
0.0773,0.0651,3.7977,16361907[us],0
0.0822,0.0651,3.7943,16380634[us],0
0.0790,0.0664,3.8011,16399364[us],0
0.0838,0.0669,3.8045,16418017[us],0
0.0806,0.0672,3.8147,16436658[us],0
0.0838,0.0693,3.8011,16455305[us],0
0.0838,0.0653,3.8079,16473991[us],0
0.0822,0.0651,3.8045,16492654[us],0
0.0806,0.0651,3.8011,16511309[us],0
0.0757,0.0649,3.8045,16529948[us],0
0.0822,0.0649,3.8147,16548720[us],0
0.0838,0.0645,3.8011,16567398[us],0
0.0806,0.0653,3.8113,16586088[us],0
0.0822,0.0651,3.7909,16608414[us],0
0.0806,0.0648,3.7943,16627166[us],0
0.0822,0.0651,3.8045,16645834[us],0
0.0806,0.0653,3.7977,16664474[us],0
0.0822,0.0654,3.7977,16683194[us],0
0.0773,0.0645,3.8113,16701834[us],0
0.0757,0.0654,3.8147,16720603[us],0
0.0790,0.0648,3.7977,16739248[us],0
0.0854,0.0646,3.7977,16757924[us],0
0.0773,0.0648,3.8045,16776633[us],0
0.0790,0.0648,3.8045,16795376[us],0
0.0773,0.0640,3.8079,16814006[us],0
0.0757,0.0662,3.8045,16832670[us],0
0.0902,0.0648,3.7977,16851257[us],0
0.0773,0.0649,3.8045,16874406[us],0
0.0741,0.0653,3.8045,16893099[us],0
0.0806,0.0657,3.8011,16911782[us],0
0.0790,0.0653,3.8045,16930411[us],0
0.0822,0.0659,3.7943,16949041[us],0
0.0790,0.0653,3.8045,16967740[us],0
0.0757,0.0654,3.8045,16986419[us],0
0.0773,0.0653,3.8079,17005045[us],0
0.0773,0.0654,3.8147,17023736[us],0
0.0773,0.0659,3.8045,17042517[us],0
0.0822,0.0654,3.8011,17061110[us],0
0.0822,0.0653,3.8113,17096891[us],0
0.0838,0.0656,3.8181,17115552[us],0
0.0838,0.0656,3.8113,17134274[us],0
0.0790,0.0656,3.7909,17156609[us],0
0.0902,0.0657,3.8113,17175249[us],0
0.0854,0.0704,3.7569,17193880[us],0
0.0806,0.0656,3.8113,17212521[us],0
0.0806,0.0659,3.8045,17231249[us],0
0.0741,0.0654,3.8113,17249881[us],0
0.0806,0.0659,3.8045,17268564[us],0
0.0790,0.0653,3.8113,17287220[us],0
0.0854,0.0651,3.7977,17305942[us],0
0.0790,0.0653,3.8147,17324642[us],0
0.0854,0.0645,3.8011,17343427[us],0
0.0838,0.0651,3.8181,17362134[us],0
0.0838,0.0651,3.8147,17380785[us],0
0.0790,0.0649,3.8113,17399450[us],0
0.0757,0.0651,3.8045,17433497[us],0
0.0822,0.0648,3.8147,17453904[us],0
0.0822,0.0656,3.8079,17474276[us],0
0.0790,0.0649,3.8079,17492897[us],0
0.0870,0.0646,3.7943,17511607[us],0
0.0854,0.0648,3.7909,17530248[us],0
0.0790,0.0657,3.7943,17548916[us],0
0.0822,0.0651,3.8045,17567529[us],0
0.0838,0.0651,3.8045,17586165[us],0
0.0806,0.0656,3.8147,17604799[us],0
0.0838,0.0651,3.8045,17623482[us],0
0.0773,0.0648,3.8011,17642081[us],0
0.0806,0.0653,3.7977,17660727[us],0
0.0790,0.0657,3.8011,17683069[us],0
0.0886,0.0657,3.8011,17701724[us],0
0.0806,0.0656,3.8215,17720399[us],0
0.0790,0.0661,3.8181,17739040[us],0
0.0790,0.0651,3.8113,17757680[us],0
0.0773,0.0649,3.7943,17776419[us],0
0.0806,0.0651,3.8045,17795072[us],0
0.0790,0.0654,3.7977,17813760[us],0
0.0822,0.0669,3.7977,17832403[us],0
0.0790,0.0661,3.8045,17851090[us],0
0.0790,0.0665,3.8079,17869763[us],0
0.0854,0.0672,3.8113,17888466[us],0
0.0790,0.0662,3.8045,17907057[us],0
0.0773,0.0649,3.8045,17925826[us],0
0.0806,0.0651,3.7977,17948900[us],0
0.0790,0.0646,3.7977,17967540[us],0
0.0757,0.0656,3.8079,17986198[us],0
0.0854,0.0657,3.8181,18004904[us],0
0.0838,0.0661,3.8113,18023547[us],0
0.0822,0.0643,3.8283,18042194[us],0
0.0806,0.0648,3.8011,18060830[us],0
0.0773,0.0654,3.8011,18079525[us],0
0.0790,0.0648,3.7943,18098120[us],0
0.0790,0.0654,3.7841,18116762[us],0
0.0790,0.0654,3.8113,18135411[us],0
0.0822,0.0653,3.8113,18154037[us],0
0.0773,0.0643,3.8147,18172743[us],0
0.0790,0.0654,3.8079,18191485[us],0
0.0822,0.0662,3.8215,18213779[us],0
0.0741,0.0646,3.8045,18232423[us],0
0.0838,0.0649,3.8011,18251216[us],0
0.0822,0.0646,3.8011,18269807[us],0
0.0854,0.0653,3.8113,18288543[us],0
0.0806,0.0662,3.8079,18307134[us],0
0.0838,0.0665,3.8147,18325814[us],0
0.0773,0.0653,3.7909,18344403[us],0
0.0854,0.0656,3.8045,18363095[us],0
0.0822,0.0646,3.8113,18381668[us],0
0.0790,0.0646,3.7977,18400316[us],0
0.0822,0.0664,3.8079,18418954[us],0
0.0790,0.0645,3.8147,18437603[us],0
0.0886,0.0651,3.8079,18456201[us],0
0.0822,0.0656,3.8045,18479356[us],0
0.0790,0.0664,3.8079,18498057[us],0
0.0822,0.0664,3.8147,18516736[us],0
0.0838,0.0657,3.8079,18535383[us],0
0.0838,0.0653,3.8045,18554072[us],0
0.0790,0.0661,3.8147,18572755[us],0
0.0838,0.0669,3.8113,18591432[us],0
0.0822,0.0662,3.8045,18610024[us],0
0.0806,0.0664,3.7909,18628705[us],0
0.0854,0.0659,3.8011,18647343[us],0
0.0838,0.0662,3.7909,18665998[us],0
0.0822,0.0661,3.8011,18684646[us],0
0.0822,0.0654,3.8045,18703344[us],0
0.0822,0.0661,3.8045,18722014[us],0
0.0806,0.0653,3.7943,18744414[us],0
0.0854,0.0664,3.8011,18763049[us],0
0.0790,0.0654,3.8011,18781677[us],0
0.0838,0.0656,3.8045,18800330[us],0
0.0806,0.0657,3.7977,18819026[us],0
0.0806,0.0651,3.8113,18837744[us],0
0.0790,0.0651,3.8079,18856378[us],0
0.0790,0.0656,3.8113,18875015[us],0
0.0822,0.0648,3.7943,18893654[us],0
0.0822,0.0654,3.7943,18912411[us],0
0.0838,0.0656,3.8079,18931059[us],0
0.0854,0.0654,3.8079,18949744[us],0
0.0806,0.0653,3.8045,18968391[us],0
0.0790,0.0648,3.8181,18987076[us],0
0.0838,0.0649,3.8147,19010202[us],0
0.0838,0.0657,3.8045,19028888[us],0
0.0822,0.0659,3.7943,19047449[us],0
0.0822,0.0653,3.8045,19066189[us],0
0.0838,0.0659,3.7977,19084823[us],0
0.0790,0.0656,3.8045,19103517[us],0
0.0790,0.0656,3.8317,19122151[us],0
0.0822,0.0653,3.8113,19140838[us],0
0.0806,0.0654,3.8113,19159567[us],0
0.0822,0.0648,3.7943,19178217[us],0
0.0806,0.0645,3.8113,19196899[us],0
0.0806,0.0649,3.7977,19215591[us],0
0.0790,0.0651,3.7943,19234321[us],0
0.0838,0.0654,3.8079,19256666[us],0
0.0773,0.0654,3.8011,19275356[us],0
0.0870,0.0653,3.8045,19293985[us],0
0.0773,0.0648,3.8113,19312719[us],0
0.0822,0.0648,3.8249,19331374[us],0
0.0838,0.0645,3.8045,19349970[us],0
0.0806,0.0651,3.7909,19368661[us],0
0.0822,0.0657,3.8011,19387415[us],0
0.0757,0.0649,3.8079,19406103[us],0
0.0806,0.0654,3.8045,19425489[us],0
0.0838,0.0661,3.8079,19450691[us],0
0.0838,0.0661,3.8147,19469407[us],0
0.0854,0.0665,3.8147,19488061[us],0
0.0773,0.0657,3.8249,19506707[us],0
0.0806,0.0659,3.8181,19540586[us],0
0.0790,0.0646,3.8011,19560962[us],0
0.0838,0.0654,3.7977,19579552[us],0
0.0822,0.0648,3.7943,19598248[us],0
0.0822,0.0654,3.8079,19616846[us],0
0.0806,0.0649,3.8079,19635521[us],0
0.0790,0.0653,3.8045,19654107[us],0
0.0822,0.0648,3.8079,19672833[us],0
0.0790,0.0653,3.8113,19691537[us],0
0.0790,0.0656,3.8045,19710288[us],0
0.0838,0.0653,3.8045,19728870[us],0
0.0822,0.0653,3.8011,19747633[us],0
0.0838,0.0651,3.7943,19766345[us],0
0.0854,0.0651,3.8011,19785029[us],0
0.0838,0.0649,3.8045,19807332[us],0
0.0773,0.0649,3.7977,19829547[us],0
0.0822,0.0645,3.8113,19848252[us],0
0.0822,0.0654,3.7943,19868584[us],0
0.0806,0.0661,3.7977,19887178[us],0
0.0838,0.0653,3.8079,19907662[us],0
0.0806,0.0656,3.7977,19926319[us],0
0.0806,0.0651,3.8011,19945065[us],0
0.0838,0.0649,3.8011,19963696[us],0
0.0806,0.0653,3.8045,19985978[us],0
0.0870,0.0651,3.8113,20004674[us],0
0.0790,0.0653,3.8113,20023446[us],0
0.0773,0.0664,3.8079,20042086[us],0
0.0806,0.0667,3.8011,20062599[us],0
0.0741,0.0661,3.7977,20087501[us],0
0.0838,0.0667,3.8045,20106198[us],0
0.0870,0.0667,3.8045,20126674[us],0
0.0790,0.0672,3.8011,20145319[us],0
0.0870,0.0651,3.7977,20164038[us],0
0.0838,0.0651,3.8045,20182674[us],0
0.0838,0.0646,3.7977,20203244[us],0
0.0773,0.0662,3.8079,20221881[us],0
0.0806,0.0657,3.8113,20240521[us],0
0.0886,0.0645,3.7977,20259162[us],0
0.0806,0.0654,3.8045,20277978[us],0
0.0790,0.0654,3.8011,20296634[us],0
0.0806,0.0651,3.8045,20315291[us],0
0.3094,0.0633,3.8079,20333920[us],0
0.0838,0.0636,3.8045,20356325[us],0
0.0806,0.0646,3.8011,20374922[us],0
0.0806,0.0656,3.8113,20393513[us],0
0.0790,0.0643,3.7977,20412151[us],0
0.0790,0.0661,3.7943,20434367[us],0
0.0806,0.0648,3.8147,20453116[us],0
0.0838,0.0659,3.8079,20475200[us],0
0.0822,0.0661,3.8079,20493834[us],0
0.0757,0.0633,3.8045,20516026[us],0
0.0822,0.0659,3.8045,20534775[us],0
0.0822,0.0653,3.8215,20553533[us],0
0.0838,0.0657,3.8147,20572181[us],0
0.0757,0.0662,3.8113,20594407[us],0
0.3094,0.2913,3.7535,20613095[us],0
0.0790,0.0651,3.8045,20636256[us],0
0.0838,0.0659,3.8045,20655004[us],0
0.0838,0.0664,3.8045,20673591[us],0
0.0838,0.0662,3.7977,20692279[us],0
0.0854,0.0661,3.7977,20710975[us],0
0.0790,0.0664,3.7807,20729634[us],0
0.0790,0.0665,3.8113,20748223[us],0
0.0838,0.0654,3.8147,20766907[us],0
0.0838,0.0664,3.8045,20785610[us],0
0.0870,0.0670,3.8215,20804268[us],0
0.0854,0.0674,3.8147,20822846[us],0
0.0822,0.0669,3.8079,20841540[us],0
0.0822,0.0674,3.8045,20860181[us],0
0.0854,0.0656,3.8147,20882572[us],0
0.0806,0.0669,3.8079,20901194[us],0
0.0838,0.0651,3.8079,20919760[us],0
0.0822,0.0649,3.8147,20938442[us],0
0.0773,0.0654,3.8079,20957155[us],0
0.0886,0.0649,3.8079,20975826[us],0
0.0822,0.0657,3.8113,20994414[us],0
0.0838,0.0643,3.8181,21013056[us],0
0.0822,0.0648,3.7977,21031697[us],0
0.3190,0.2941,3.7977,21050426[us],0
0.0806,0.0648,3.8011,21069010[us],0
0.0822,0.0653,3.8113,21087693[us],0
0.0806,0.0649,3.8113,21106301[us],0
0.0757,0.0654,3.8079,21124967[us],0
0.0790,0.0654,3.7943,21148071[us],0
0.0838,0.0648,3.7909,21166709[us],0
0.0757,0.0651,3.8011,21185391[us],0
0.0773,0.0654,3.8045,21204076[us],0
0.0790,0.0653,3.8181,21222743[us],0
0.0773,0.0653,3.8113,21241403[us],0
0.0822,0.0654,3.8045,21260040[us],0
0.0822,0.0643,3.7875,21278728[us],0
0.0822,0.0648,3.7943,21297414[us],0
0.0822,0.0649,3.7943,21316116[us],0
0.0741,0.0645,3.8011,21334743[us],0
0.0741,0.0648,3.8011,21353497[us],0
0.0806,0.0653,3.8079,21372193[us],0
0.0773,0.0648,3.8181,21390825[us],0
0.0838,0.0651,3.8011,21413232[us],0
0.0757,0.0646,3.8113,21431861[us],0
0.0822,0.0649,3.8011,21450638[us],0
0.0822,0.0649,3.7943,21469288[us],0
0.0773,0.0654,3.8045,21487974[us],0
0.0773,0.0649,3.8181,21506619[us],0
0.0806,0.0648,3.8045,21525355[us],0
0.0806,0.0654,3.8181,21543987[us],0
0.3142,0.2944,3.7977,21562662[us],0
0.0790,0.0651,3.8011,21581268[us],0
0.0822,0.0643,3.8079,21599952[us],0
0.0822,0.0648,3.8045,21618641[us],0
0.0822,0.0654,3.8079,21637325[us],0
0.0822,0.0656,3.8079,21655956[us],0
0.0854,0.0662,3.8113,21689888[us],0
0.0806,0.0662,3.7977,21708669[us],0
0.0838,0.0664,3.8045,21727319[us],0
0.0741,0.0656,3.8079,21746038[us],0
0.0822,0.0657,3.7909,21764819[us],0
0.0838,0.0651,3.7977,21783427[us],0
0.0806,0.0646,3.7943,21809537[us],0
0.0773,0.0648,3.8011,21828205[us],0
0.0854,0.0649,3.8011,21846928[us],0
0.0822,0.0649,3.8011,21865595[us],0
0.0806,0.0648,3.8011,21884240[us],0
0.0773,0.0656,3.8079,21902932[us],0
0.0838,0.0653,3.7977,21921654[us],0
0.0822,0.0649,3.8113,21940253[us],0
0.0773,0.0654,3.8113,21962599[us],0
0.0838,0.0649,3.8011,21981311[us],0
0.0822,0.0654,3.7943,21999954[us],0
0.0790,0.0654,3.8045,22018678[us],0
0.0870,0.0664,3.8079,22037267[us],0
0.0854,0.0659,3.7977,22055956[us],0
0.0806,0.0656,3.8045,22074642[us],0
0.0773,0.0649,3.8147,22093367[us],0
0.0854,0.0659,3.8045,22111956[us],0
0.0886,0.0651,3.8045,22130629[us],0
0.0838,0.0633,3.7977,22149364[us],0
0.0806,0.0651,3.8011,22168079[us],0
0.0838,0.0661,3.8079,22186657[us],0
0.0838,0.0643,3.7943,22205329[us],0
0.0822,0.0645,3.8045,22230304[us],0
0.0838,0.0653,3.8045,22248935[us],0
0.0838,0.0662,3.8113,22267619[us],0
0.0806,0.0664,3.8045,22286301[us],0
0.0822,0.0665,3.8079,22305010[us],0
0.0838,0.0661,3.8011,22323646[us],0
0.0822,0.0665,3.8147,22342344[us],0
0.0790,0.0665,3.8147,22360963[us],0
0.0806,0.0719,3.8011,22379613[us],0
0.0838,0.0661,3.7875,22398294[us],0
0.0822,0.0654,3.8045,22416994[us],0
0.0806,0.0628,3.8045,22435716[us],0
0.0790,0.0624,3.8147,22454280[us],0
0.0806,0.0651,3.7977,22472970[us],0
0.0822,0.0656,3.8011,22489103[us],0
0.0806,0.0662,3.8079,22507708[us],0
0.0806,0.0662,3.8045,22526255[us],0
0.0790,0.0653,3.8147,22544885[us],0
0.0854,0.0649,3.7977,22563638[us],0
0.0790,0.0648,3.8045,22582325[us],0
0.0757,0.0643,3.8011,22600963[us],0
0.0806,0.0643,3.7977,22619602[us],0
0.0806,0.0641,3.7841,22638329[us],0
0.0773,0.0645,3.8113,22656924[us],0
0.0790,0.0649,3.8215,22675521[us],0
0.0822,0.0656,3.8113,22694163[us],0
0.0806,0.0654,3.7943,22714521[us],0
0.0757,0.0619,3.8079,22736822[us],0
0.0838,0.0653,3.8079,22755533[us],0
0.0806,0.0646,3.8113,22774171[us],0
0.0790,0.0616,3.8113,22792809[us],0
0.0886,0.0653,3.8113,22811590[us],0
0.0806,0.0649,3.8011,22830291[us],0
0.0757,0.0649,3.8045,22848876[us],0
0.0838,0.0690,3.7977,22867582[us],0
0.0790,0.0661,3.8147,22886352[us],0
0.0854,0.0661,3.8045,22905049[us],0
0.0822,0.0662,3.8079,22923688[us],0
0.0822,0.0665,3.8113,22942410[us],0
0.0838,0.0661,3.7977,22960998[us],0
0.0806,0.0664,3.7977,22979676[us],0
0.0838,0.0657,3.8011,23002927[us],0
0.0790,0.0643,3.7977,23021623[us],0
0.0838,0.0661,3.8147,23040213[us],0
0.0806,0.0661,3.8113,23058897[us],0
0.0886,0.0662,3.8079,23077552[us],0
0.0790,0.0665,3.8079,23096185[us],0
0.0838,0.0659,3.8011,23114764[us],0
0.0870,0.0649,3.8079,23133517[us],0
0.0806,0.0653,3.7977,23152155[us],0
0.0822,0.0657,3.8147,23170748[us],0
0.0822,0.0654,3.8079,23189427[us],0
0.0854,0.0654,3.8113,23208116[us],0
0.0870,0.0662,3.8045,23226814[us],0
0.0790,0.0659,3.7909,23245578[us],0
0.0773,0.0657,3.8045,23267860[us],0
0.0806,0.0651,3.7909,23286505[us],0
0.0806,0.0654,3.7943,23305252[us],0
0.0500,0.0648,3.8113,23323834[us],0
0.0773,0.0656,3.8113,23342482[us],0
0.0822,0.0656,3.8079,23361127[us],0
0.0838,0.0649,3.8011,23379867[us],0
0.0790,0.0654,3.8079,23398473[us],0
0.0725,0.0649,3.8011,23417063[us],0
0.0838,0.0653,3.8079,23435701[us],0
0.0806,0.0651,3.8079,23454372[us],0
0.0757,0.0645,3.8011,23473105[us],0
0.0806,0.0653,3.8045,23491797[us],0
0.0886,0.0661,3.8113,23510388[us],0
0.0806,0.0649,3.7909,23533474[us],0
0.0822,0.0654,3.8079,23552022[us],0
0.0822,0.0667,3.7909,23570647[us],0
0.0790,0.0653,3.8215,23589231[us],0
0.0822,0.0648,3.8113,23607799[us],0
0.0838,0.0683,3.8045,23626476[us],0
0.0790,0.0640,3.8011,23645097[us],0
0.0806,0.0648,3.7977,23663670[us],0
0.0838,0.0646,3.7977,23682264[us],0
0.0773,0.0648,3.8079,23700886[us],0
0.0822,0.0648,3.7977,23719556[us],0
0.0790,0.0653,3.7943,23738142[us],0
0.0886,0.0654,3.8113,23756724[us],0
0.0806,0.0653,3.8181,23775319[us],0
0.0790,0.0651,3.8079,23809676[us],0
0.0838,0.0651,3.8147,23829315[us],0
0.0790,0.0646,3.7875,23849009[us],0
0.0790,0.0654,3.8079,23868697[us],0
0.0806,0.0661,3.8011,23888426[us],0
0.0806,0.0659,3.8113,23908048[us],0
0.0838,0.0659,3.8113,23927650[us],0
0.0806,0.0661,3.8011,23947272[us],0
0.0806,0.0657,3.8045,23966983[us],0
0.0838,0.0653,3.7875,23986613[us],0
0.0822,0.0657,3.8011,24006321[us],0
0.0822,0.0659,3.8045,24025935[us],0
0.0838,0.0653,3.8011,24045689[us],0
0.0806,0.0649,3.8045,24065364[us],0
0.0806,0.0653,3.7943,24089453[us],0
0.0822,0.0653,3.8045,24107892[us],0
0.0854,0.0656,3.8113,24126504[us],0
0.0822,0.0653,3.7977,24145006[us],0
0.0822,0.0653,3.8011,24170805[us],0
0.0806,0.0654,3.8079,24189249[us],0
0.0822,0.0651,3.7977,24207724[us],0
0.0806,0.0653,3.8079,24226179[us],0
0.0806,0.0653,3.8079,24244566[us],0
0.0822,0.0653,3.8147,24263089[us],0
0.0854,0.0651,3.8079,24281535[us],0
0.0806,0.0651,3.8045,24300006[us],0
0.0790,0.0651,3.7977,24318391[us],0
0.0822,0.0664,3.8045,24340482[us],0
0.0838,0.0665,3.8181,24358920[us],0
0.0806,0.0657,3.7943,24377415[us],0
0.0854,0.0653,3.7977,24395803[us],0
0.0806,0.0656,3.7977,24416073[us],0
0.0822,0.0653,3.7977,24434572[us],0
0.0822,0.0664,3.8011,24453052[us],0
0.0838,0.0651,3.7875,24471500[us],0
0.0886,0.0659,3.8011,24489990[us],0
0.0854,0.0664,3.8147,24508548[us],0
0.0854,0.0661,3.8181,24527005[us],0
0.0838,0.0648,3.8079,24545454[us],0
0.0854,0.0645,3.7977,24567435[us],0
0.0806,0.0640,3.8011,24585928[us],0
0.0806,0.0651,3.8147,24608861[us],0
0.0886,0.0649,3.7977,24629151[us],0
0.0854,0.0648,3.8045,24647543[us],0
0.0838,0.0648,3.8045,24666068[us],0
0.0806,0.0657,3.8079,24684508[us],0
0.0822,0.0667,3.8113,24703069[us],0
0.0806,0.0669,3.8113,24721517[us],0
0.0822,0.0661,3.8045,24740014[us],0
0.0790,0.0656,3.8147,24758469[us],0
0.0773,0.0648,3.8079,24778790[us],0
0.0838,0.0646,3.8079,24797252[us],0
0.0822,0.0649,3.8011,24815701[us],0
0.0870,0.0651,3.8079,24834249[us],0
0.0822,0.0651,3.7977,24852732[us],0
0.0886,0.0654,3.7977,24874885[us],0
0.0838,0.0646,3.8113,24893311[us],0
0.0870,0.0694,3.8079,24911848[us],0
0.0773,0.0651,3.7977,24933811[us],0
0.0838,0.0653,3.8113,24952323[us],0
0.0822,0.0609,3.7875,24970795[us],0
0.0773,0.0627,3.8045,24989256[us],0
0.0773,0.0625,3.8079,25011288[us],0
0.0790,0.0665,3.8079,25029779[us],0
0.0838,0.0657,3.7943,25048311[us],0
0.0806,0.0645,3.7977,25066760[us],0
0.0806,0.0645,3.8045,25087041[us],0
0.0806,0.0664,3.8011,25105540[us],0
0.0806,0.0648,3.8079,25123983[us],0
0.0806,0.0664,3.8011,25148845[us],0
0.0806,0.0656,3.8045,25167360[us],0
0.0838,0.0662,3.8079,25185873[us],0
0.0854,0.0662,3.8079,25204326[us],0
0.0822,0.0657,3.8011,25224564[us],0
0.0790,0.0651,3.8181,25243014[us],0
0.0886,0.0667,3.8011,25261599[us],0
0.0806,0.0665,3.7977,25280049[us],0
0.0838,0.0675,3.7977,25300325[us],0
0.0806,0.0662,3.8011,25318811[us],0
0.0806,0.0667,3.8011,25337333[us],0
0.0854,0.0664,3.8045,25355801[us],0
0.0854,0.0648,3.8079,25376077[us],0
0.0806,0.0649,3.8011,25394583[us],0
0.0854,0.0645,3.7977,25416725[us],0
0.0838,0.0649,3.8181,25435186[us],0
0.3142,0.0456,3.7671,25453642[us],0
0.0806,0.0648,3.8011,25472181[us],0
0.0838,0.0649,3.8113,25490582[us],0
0.0838,0.0653,3.8079,25509083[us],0
0.0806,0.0654,3.8147,25527486[us],0
0.0886,0.0651,3.8011,25546004[us],0
0.0838,0.0640,3.8045,25564411[us],0
0.0806,0.0641,3.7875,25582905[us],0
0.0790,0.0649,3.8147,25601372[us],0
0.0822,0.0645,3.8079,25619854[us],0
0.0822,0.0648,3.7909,25638263[us],0
0.0806,0.0653,3.7943,25656744[us],0
0.0806,0.0651,3.7977,25679657[us],0
0.0790,0.0653,3.7909,25698104[us],0
0.0806,0.0641,3.7977,25716543[us],0
0.0806,0.0649,3.8011,25734939[us],0
0.0822,0.0648,3.8113,25753468[us],0
0.0822,0.0648,3.8045,25771923[us],0
0.0838,0.0651,3.8079,25790411[us],0
0.0822,0.0653,3.8045,25808867[us],0
0.0838,0.0661,3.8079,25827415[us],0
0.0854,0.0661,3.8113,25845967[us],0
0.0886,0.0653,3.8079,25864450[us],0
0.0822,0.0653,3.7943,25882848[us],0
0.0806,0.0651,3.8011,25901312[us],0
0.0822,0.0649,3.7943,25934399[us],0
0.0822,0.0656,3.8011,25952867[us],0
0.0870,0.0654,3.8045,25971315[us],0
0.0838,0.0653,3.8045,25989845[us],0
0.0790,0.0648,3.8147,26008352[us],0
0.0838,0.0654,3.8113,26026797[us],0
0.0838,0.0653,3.8147,26045249[us],0
0.0870,0.0656,3.8113,26063755[us],0
0.0790,0.0661,3.7977,26082222[us],0
0.0822,0.0662,3.7977,26100622[us],0
0.0806,0.0653,3.8079,26119163[us],0
0.0790,0.0653,3.8079,26137611[us],0
0.0838,0.0653,3.7943,26156116[us],0
0.0838,0.0646,3.8079,26174579[us],0
0.0806,0.0657,3.8113,26197598[us],0
0.0822,0.0654,3.8045,26216073[us],0
0.0870,0.0653,3.7909,26234619[us],0
0.0741,0.0656,3.8079,26253005[us],0
0.0790,0.0653,3.8011,26271496[us],0
0.0806,0.0654,3.7977,26289936[us],0
0.0870,0.0653,3.8147,26308493[us],0
0.0822,0.0659,3.8181,26326881[us],0
0.0757,0.0653,3.8113,26345395[us],0
0.0822,0.0657,3.8079,26363842[us],0
0.0790,0.0646,3.8147,26382352[us],0
0.0822,0.0649,3.7977,26400857[us],0
0.0902,0.0649,3.7943,26419360[us],0
0.0790,0.0657,3.8113,26437834[us],0
0.0822,0.0659,3.8011,26459983[us],0
0.0838,0.0659,3.8147,26478528[us],0
0.0838,0.0661,3.8011,26497674[us],0
0.0838,0.0661,3.8011,26522805[us],0
0.0773,0.0654,3.7977,26541311[us],0
0.0806,0.0654,3.8011,26559790[us],0
0.0854,0.0657,3.8113,26578241[us],0
0.0806,0.0665,3.8011,26596700[us],0
0.0838,0.0664,3.8045,26615198[us],0
0.0854,0.0662,3.7977,26633658[us],0
0.0870,0.0661,3.7977,26652124[us],0
0.0790,0.0657,3.8113,26670603[us],0
0.0773,0.0696,3.8079,26689108[us],0
0.0773,0.0651,3.7943,26707513[us],0
0.0806,0.0651,3.8113,26730555[us],0
0.0838,0.0672,3.8181,26749018[us],0
0.0854,0.0654,3.8011,26767583[us],0
0.0822,0.0672,3.7909,26785983[us],0
0.0806,0.0649,3.7977,26804402[us],0
0.0822,0.0657,3.8011,26822853[us],0
0.0838,0.0651,3.8079,26841319[us],0
0.0822,0.0645,3.8215,26859781[us],0
0.0806,0.0653,3.8079,26878241[us],0
0.0822,0.0640,3.8147,26896697[us],0
0.0790,0.0648,3.8045,26915181[us],0
0.0806,0.0643,3.8011,26933705[us],0
0.0790,0.0643,3.8011,26952162[us],0
0.0757,0.0643,3.8045,26970587[us],0
0.0822,0.0654,3.8113,26992599[us],0
0.0806,0.0649,3.8147,27011188[us],0
0.0870,0.0648,3.8011,27029598[us],0
0.0886,0.0648,3.8045,27048088[us],0
0.0757,0.0646,3.8079,27066472[us],0
0.0822,0.0653,3.7943,27085049[us],0
0.0806,0.0654,3.8079,27103449[us],0
0.0790,0.0640,3.8045,27121862[us],0
0.0806,0.0680,3.8079,27140321[us],0
0.0790,0.0649,3.8011,27158867[us],0
0.0773,0.0651,3.8045,27177325[us],0
0.0806,0.0656,3.8079,27195842[us],0
0.0870,0.0651,3.8181,27214349[us],0
0.0773,0.0651,3.8113,27232854[us],0
0.0790,0.0648,3.8113,27257721[us],0
0.0790,0.0653,3.8011,27276132[us],0
0.0741,0.0649,3.8147,27294613[us],0
0.0773,0.0641,3.8045,27313060[us],0
0.0773,0.0654,3.8011,27331615[us],0
0.0822,0.0661,3.8011,27350022[us],0
0.0854,0.0669,3.7909,27368419[us],0
0.0806,0.0674,3.7977,27386861[us],0
0.0822,0.0670,3.8011,27405321[us],0
0.0838,0.0659,3.7909,27423770[us],0
0.0838,0.0651,3.8147,27442255[us],0
0.0822,0.0656,3.8113,27460752[us],0
0.0822,0.0632,3.8113,27479248[us],0
0.0773,0.0662,3.8079,27501364[us],0
0.0790,0.0667,3.8045,27519866[us],0
0.0838,0.0651,3.7875,27538276[us],0
0.0806,0.0661,3.8011,27556763[us],0
0.0790,0.0669,3.8011,27575218[us],0
0.0838,0.0662,3.7909,27593725[us],0
0.0822,0.0651,3.8147,27612128[us],0
0.0822,0.0651,3.8045,27630603[us],0
0.0806,0.0645,3.8045,27649014[us],0
0.0854,0.0654,3.8079,27667603[us],0
0.0790,0.0654,3.7977,27685998[us],0
0.0790,0.0648,3.8045,27704560[us],0
0.0773,0.0649,3.7909,27723006[us],0
0.0790,0.0653,3.7943,27741476[us],0
0.0854,0.0649,3.8011,27764384[us],0
0.0790,0.0646,3.7977,27782885[us],0
0.0790,0.0659,3.8079,27801284[us],0
0.0854,0.0648,3.8011,27819778[us],0
0.0790,0.0651,3.7943,27838237[us],0
0.0790,0.0648,3.8011,27856678[us],0
0.0757,0.0649,3.8113,27875077[us],0
0.0757,0.0648,3.8045,27893568[us],0
0.3110,0.0625,3.8045,27912071[us],0
0.0886,0.0672,3.7671,27930525[us],0
0.0757,0.0646,3.8045,27948982[us],0
0.0773,0.0646,3.7943,27967478[us],0
0.0741,0.0643,3.8045,27986013[us],0
0.0806,0.0651,3.7875,28004505[us],0
0.0822,0.0651,3.8113,28037421[us],0
0.0854,0.0653,3.8079,28056014[us],0
0.0822,0.0643,3.7977,28074418[us],0
0.0838,0.0643,3.8147,28092866[us],0
0.0790,0.0649,3.8079,28111336[us],0
0.0790,0.0653,3.8113,28129870[us],0
0.0838,0.0651,3.8011,28148388[us],0
0.0822,0.0646,3.8045,28166834[us],0
0.0822,0.0649,3.7977,28185291[us],0
0.0806,0.0685,3.8045,28203760[us],0
0.0870,0.0645,3.7909,28222309[us],0
0.0822,0.0649,3.8113,28240815[us],0
0.0854,0.0646,3.7943,28259272[us],0
0.0773,0.0654,3.7977,28277748[us],0
0.0838,0.0699,3.8045,28300736[us],0
0.0822,0.0646,3.7977,28319244[us],0
0.3271,0.0338,3.8011,28337736[us],0
0.0806,0.0654,3.8045,28356206[us],0
0.0773,0.0653,3.8045,28374650[us],0
0.0806,0.0656,3.7977,28393210[us],0
0.0838,0.0651,3.8147,28411662[us],0
0.0806,0.0648,3.8147,28430126[us],0
0.0806,0.0653,3.8079,28448587[us],0
0.0790,0.0649,3.7943,28467136[us],0
0.0773,0.0651,3.7943,28485594[us],0
0.0838,0.0649,3.8045,28504088[us],0
0.0806,0.0651,3.8079,28522485[us],0
0.0854,0.0651,3.7909,28540971[us],0
0.0773,0.0654,3.7977,28563192[us],0
0.0806,0.0648,3.8011,28581646[us],0
0.0790,0.0649,3.8113,28600139[us],0
0.0806,0.0643,3.7977,28618586[us],0
0.0773,0.0648,3.7909,28637134[us],0
0.0838,0.0656,3.7943,28655588[us],0
0.0806,0.0653,3.7977,28674037[us],0
0.0822,0.0659,3.8045,28692489[us],0
0.0838,0.0654,3.8045,28710990[us],0
0.0854,0.0654,3.8113,28729450[us],0
0.0822,0.0657,3.8113,28747990[us],0
0.0790,0.0653,3.8011,28766497[us],0
0.0822,0.0649,3.8011,28784985[us],0
0.0822,0.0665,3.7909,28803446[us],0
0.0854,0.0662,3.7977,28833688[us],0
0.0806,0.0669,3.8113,28852116[us],0
0.0822,0.0656,3.7977,28870520[us],0
0.0790,0.0669,3.8045,28888986[us],0
0.0822,0.0675,3.8079,28907469[us],0
0.0790,0.0653,3.8113,28925987[us],0
0.0870,0.0711,3.7875,28944391[us],0
0.0806,0.0667,3.8045,28962967[us],0
0.0838,0.0667,3.8113,28981360[us],0
0.0854,0.0651,3.8079,28999904[us],0
0.0806,0.0649,3.8045,29018315[us],0
0.0757,0.0649,3.8011,29036867[us],0
0.0854,0.0656,3.7977,29055323[us],0
0.0838,0.0645,3.7977,29077519[us],0
0.0838,0.0649,3.8079,29095975[us],0
0.0870,0.0661,3.8079,29114478[us],0
0.0741,0.0657,3.7875,29132927[us],0
0.0838,0.0649,3.8045,29153186[us],0
0.0790,0.0649,3.7943,29171743[us],0
0.0806,0.0659,3.8045,29190176[us],0
0.0822,0.0659,3.7977,29208568[us],0
0.0822,0.0649,3.8079,29230641[us],0
0.0854,0.0638,3.7909,29249159[us],0
0.0741,0.0645,3.8113,29267552[us],0
0.0806,0.0653,3.7977,29285951[us],0
0.0790,0.0661,3.7943,29304567[us],0
0.0790,0.0648,3.7977,29323010[us],0
0.0822,0.0649,3.8011,29346077[us],0
0.0806,0.0646,3.8079,29368124[us],0
0.0854,0.0651,3.7977,29386570[us],0
0.0790,0.0657,3.8011,29405093[us],0
0.0790,0.0612,3.8181,29423590[us],0
0.0806,0.0614,3.8011,29443932[us],0
0.0838,0.0625,3.8079,29462332[us],0
0.0773,0.0656,3.8045,29480797[us],0
0.0806,0.0657,3.8011,29499312[us],0
0.0806,0.0653,3.8011,29519587[us],0
0.0806,0.0651,3.7977,29538037[us],0
0.0822,0.0662,3.7909,29556572[us],0
0.0854,0.0664,3.8079,29575080[us],0
0.0757,0.0659,3.8045,29595535[us],0
0.0806,0.0654,3.8079,29617685[us],0
0.0790,0.0659,3.7943,29636206[us],0
0.0822,0.0656,3.7909,29654704[us],0
0.0806,0.0649,3.8011,29673330[us],0
0.0806,0.0653,3.7943,29691764[us],0
0.0822,0.0664,3.8079,29710171[us],0
0.0822,0.0651,3.8045,29728619[us],0
0.0790,0.0646,3.8113,29750658[us],0
0.0822,0.0649,3.8113,29769166[us],0
0.0806,0.0643,3.7909,29787646[us],0
0.0838,0.0646,3.7875,29806052[us],0
0.0757,0.0645,3.8215,29824591[us],0
0.0822,0.0657,3.8045,29843193[us],0
0.0806,0.0662,3.8045,29861599[us],0
0.0822,0.0657,3.8147,29886415[us],0
0.0790,0.0659,3.8045,29904893[us],0
0.0757,0.0653,3.8079,29923468[us],0
0.0822,0.0653,3.7943,29941916[us],0
0.0741,0.0659,3.8045,29962198[us],0
0.0806,0.0653,3.8147,29980570[us],0
0.0806,0.0661,3.8113,29999108[us],0
0.0822,0.0648,3.8011,30017560[us],0
0.0822,0.0643,3.7943,30036104[us],0
0.0870,0.0653,3.8045,30054602[us],0
0.0741,0.0659,3.8113,30073089[us],0
0.0822,0.0646,3.8011,30091587[us],0
0.0822,0.0656,3.8011,30110057[us],0
0.0854,0.0682,3.8045,30128513[us],0
0.0790,0.0656,3.7841,30161634[us],0
0.0822,0.0670,3.8147,30180034[us],0
0.0822,0.0654,3.8079,30198533[us],0
0.0822,0.0656,3.7875,30216932[us],0
0.0854,0.0661,3.7977,30235454[us],0
0.0854,0.0670,3.8045,30253864[us],0
0.0806,0.0656,3.8011,30272411[us],0
0.0822,0.0651,3.8079,30290862[us],0
0.0854,0.0654,3.7875,30309319[us],0
0.0822,0.0648,3.8045,30327783[us],0
0.0838,0.0648,3.8079,30346333[us],0
0.0806,0.0648,3.8113,30364744[us],0
0.0838,0.0651,3.8011,30383209[us],0
0.0838,0.0653,3.8045,30401673[us],0
0.0806,0.0651,3.8113,30424607[us],0
0.0822,0.0649,3.8045,30443096[us],0
0.0822,0.0649,3.8147,30461595[us],0
0.0806,0.0651,3.8079,30480050[us],0
0.0806,0.0646,3.8011,30498580[us],0
0.0773,0.0649,3.8011,30517030[us],0
0.0822,0.0646,3.8079,30535509[us],0
0.0806,0.0648,3.7977,30553994[us],0
0.0854,0.0653,3.7875,30572551[us],0
0.0822,0.0661,3.8079,30591033[us],0
0.0854,0.0661,3.8011,30609462[us],0
0.0838,0.0664,3.8181,30627939[us],0
0.0806,0.0662,3.8113,30646449[us],0
0.0773,0.0659,3.7977,30668606[us],0
0.0806,0.0648,3.7977,30688771[us],0
0.0838,0.0656,3.7943,30707272[us],0
0.0822,0.0657,3.7977,30725732[us],0
0.0757,0.0661,3.8113,30744241[us],0
0.0790,0.0664,3.8011,30762646[us],0
0.0806,0.0659,3.8079,30781089[us],0
0.0854,0.0664,3.8011,30799598[us],0
0.0806,0.0659,3.8011,30818143[us],0
0.0822,0.0688,3.7977,30836599[us],0
0.0773,0.0648,3.7977,30855092[us],0
0.0822,0.0654,3.8011,30873544[us],0
0.0822,0.0659,3.8011,30892124[us],0
0.0773,0.0661,3.8045,30910571[us],0
0.0790,0.0654,3.7909,30933533[us],0
0.0790,0.0659,3.8011,30951975[us],0
0.0870,0.0662,3.8011,30970599[us],0
0.0902,0.0694,3.7977,30989038[us],0
0.0854,0.0653,3.8011,31007484[us],0
0.0886,0.0651,3.7943,31025924[us],0
0.0790,0.0657,3.8045,31044376[us],0
0.0854,0.0654,3.8147,31062872[us],0
0.0822,0.0659,3.8011,31081376[us],0
0.0806,0.0653,3.8011,31099849[us],0
0.0838,0.0651,3.8011,31118380[us],0
0.0790,0.0661,3.7909,31136959[us],0
0.0790,0.0649,3.7909,31155372[us],0
0.0822,0.0646,3.8011,31181250[us],0
0.0773,0.0649,3.7943,31203334[us],0
0.0838,0.0646,3.7977,31221783[us],0
0.0838,0.0657,3.7909,31240239[us],0
0.0806,0.0661,3.8079,31258681[us],0
0.0822,0.0661,3.8045,31277103[us],0
0.0838,0.0657,3.8147,31295560[us],0
0.0822,0.0651,3.8079,31313963[us],0
0.0790,0.0659,3.8079,31332371[us],0
0.0822,0.0653,3.7977,31350924[us],0
0.0790,0.0648,3.7977,31369376[us],0
0.0822,0.0661,3.8011,31387771[us],0
0.0790,0.0648,3.8011,31406182[us],0
0.0854,0.0661,3.8045,31426411[us],0
0.0870,0.0638,3.8079,31444908[us],0
0.0773,0.0648,3.8045,31467852[us],0
0.0806,0.0654,3.8079,31486329[us],0
0.0806,0.0643,3.7909,31504834[us],0
0.0806,0.0651,3.7977,31523356[us],0
0.0822,0.0649,3.7909,31541802[us],0
0.0822,0.0646,3.8045,31562014[us],0
0.0757,0.0648,3.7977,31580466[us],0
0.0757,0.0657,3.8147,31599100[us],0
0.0870,0.0659,3.8113,31617501[us],0
0.0806,0.0649,3.7943,31637783[us],0
0.0773,0.0653,3.8113,31656190[us],0
0.0822,0.0653,3.7943,31674775[us],0
0.0773,0.0657,3.7977,31693184[us],0
0.0790,0.0653,3.8079,31713443[us],0
0.0822,0.0654,3.8011,31735611[us],0
0.0741,0.0653,3.8045,31754064[us],0
0.0806,0.0648,3.7943,31772525[us],0
0.0822,0.0661,3.8113,31791130[us],0
0.0822,0.0645,3.8045,31809582[us],0
0.0870,0.0654,3.8011,31828102[us],0
0.0806,0.0656,3.8011,31846614[us],0
0.0870,0.0653,3.8045,31868695[us],0
0.0854,0.0651,3.7977,31887202[us],0
0.3110,0.0325,3.7875,31905615[us],0
0.0822,0.0651,3.8011,31924135[us],0
0.0838,0.0656,3.8079,31946163[us],0
0.0838,0.0648,3.8079,31964619[us],0
0.0773,0.0665,3.8079,31983106[us],0
0.0854,0.0651,3.8113,32007998[us],0
0.0773,0.0654,3.7977,32026450[us],0
0.0790,0.0651,3.7977,32045012[us],0
0.0854,0.0654,3.8079,32063454[us],0
0.3432,0.2954,3.8079,32083713[us],0
0.0822,0.0648,3.8147,32102237[us],0
0.0822,0.0648,3.8011,32120787[us],0
0.0790,0.0653,3.7943,32139237[us],0
0.0806,0.0653,3.8011,32159543[us],0
0.0806,0.0651,3.8045,32178065[us],0
0.0806,0.0653,3.8045,32196575[us],0
0.0806,0.0653,3.8045,32215035[us],0
0.3110,0.0616,3.7977,32235364[us],0
0.0790,0.0656,3.8113,32253821[us],0
0.0838,0.0651,3.8079,32278099[us],0
0.0838,0.0659,3.8079,32298752[us],0
0.0790,0.0651,3.7977,32317450[us],0
0.0790,0.0649,3.8181,32336161[us],0
0.0790,0.0691,3.7943,32354806[us],0
0.0790,0.0649,3.8011,32377014[us],0
0.0854,0.0646,3.7977,32395693[us],0
0.0806,0.0657,3.8045,32414348[us],0
0.0773,0.0651,3.7977,32433060[us],0
0.0773,0.0649,3.8079,32451677[us],0
0.0757,0.0646,3.8011,32470341[us],0
0.0838,0.0646,3.7943,32489006[us],0
0.0854,0.0646,3.8079,32507740[us],0
0.0757,0.0648,3.8079,32530045[us],0
0.0806,0.0656,3.8147,32548685[us],0
0.0822,0.0654,3.7977,32567304[us],0
0.0790,0.0654,3.8045,32586010[us],0
0.0822,0.0649,3.8011,32604602[us],0
0.0822,0.0656,3.8011,32623363[us],0
0.0854,0.0654,3.8079,32642010[us],0
0.0757,0.0656,3.8113,32660700[us],0
0.0822,0.0657,3.8079,32679399[us],0
0.0838,0.0661,3.8113,32698044[us],0
0.0790,0.0654,3.8181,32716645[us],0
0.0822,0.0665,3.8181,32735341[us],0
0.0838,0.0653,3.7977,32754088[us],0
0.0806,0.0649,3.7909,32772795[us],0
0.0773,0.0645,3.8113,32795872[us],0
0.0790,0.0653,3.8011,32814543[us],0
0.0806,0.0651,3.8147,32833287[us],0
0.0838,0.0654,3.8045,32851931[us],0
0.0773,0.0649,3.7943,32870580[us],0
0.0790,0.0649,3.8113,32889260[us],0
0.0806,0.0656,3.8011,32907936[us],0
0.0886,0.0654,3.8011,32926755[us],0
0.3255,0.0627,3.8045,32945406[us],0
0.0822,0.0659,3.8079,32964068[us],0
0.0790,0.0654,3.8147,32982721[us],0
0.0822,0.0656,3.8011,33001423[us],0
0.0806,0.0654,3.8045,33020079[us],0
0.0773,0.0653,3.7943,33038775[us],0
0.0822,0.0649,3.8181,33061127[us],0
0.0806,0.0649,3.8079,33079791[us],0
0.0822,0.0654,3.8215,33098505[us],0
0.0822,0.0646,3.8147,33117174[us],0
0.0806,0.0646,3.8011,33135873[us],0
0.0838,0.0653,3.7943,33154521[us],0
0.0822,0.0651,3.7977,33173283[us],0
0.0790,0.0653,3.7977,33191940[us],0
0.0822,0.0653,3.7977,33210634[us],0
0.0773,0.0654,3.8079,33229301[us],0
0.0838,0.0714,3.7705,33248075[us],0
0.0838,0.0675,3.8147,33266720[us],0
0.0822,0.0662,3.8181,33285426[us],0
0.0806,0.0657,3.8079,33304080[us],0
0.0822,0.0659,3.7943,33327323[us],0
0.0773,0.0662,3.7875,33345974[us],0
0.0854,0.0672,3.8079,33364736[us],0
0.0790,0.0653,3.8011,33383386[us],0
0.0822,0.0648,3.8113,33402037[us],0
0.0757,0.0645,3.8045,33420744[us],0
0.0790,0.0665,3.7977,33439382[us],0
0.0773,0.0667,3.8045,33458029[us],0
0.0806,0.0657,3.7909,33476756[us],0
0.0790,0.0661,3.7977,33495536[us],0
0.0806,0.0667,3.8079,33514158[us],0
0.0806,0.0648,3.8011,33540237[us],0
0.0806,0.0627,3.8113,33558872[us],0
0.0773,0.0627,3.7909,33577493[us],0
0.0854,0.0654,3.8147,33599853[us],0
0.0806,0.0651,3.8045,33618517[us],0
0.0822,0.0649,3.8045,33637228[us],0
0.0790,0.0645,3.8045,33655916[us],0
0.0725,0.0657,3.8113,33674562[us],0
0.0838,0.0656,3.8113,33693261[us],0
0.0838,0.0654,3.7977,33711943[us],0
0.0806,0.0648,3.8215,33730605[us],0
0.0806,0.0651,3.8113,33751073[us],0
0.0806,0.0651,3.8079,33769637[us],0
0.0790,0.0649,3.7977,33790123[us],0
0.0806,0.0654,3.8045,33808783[us],0
0.0790,0.0646,3.8079,33827435[us],0
0.0822,0.0651,3.7943,33846096[us],0
0.0806,0.0651,3.8045,33869446[us],0
0.0806,0.0649,3.8045,33888048[us],0
0.0790,0.0670,3.8011,33906689[us],0
0.0822,0.0628,3.8011,33925329[us],0
0.0790,0.0620,3.7943,33943967[us],0
0.0838,0.0665,3.8011,33962685[us],0
0.0838,0.0656,3.8079,33981344[us],0
0.0854,0.0659,3.8079,34000004[us],0
0.0854,0.0667,3.8147,34018665[us],0
0.0822,0.0656,3.7943,34037394[us],0
0.0854,0.0654,3.7943,34056052[us],0
0.0806,0.0667,3.8011,34074742[us],0
0.0790,0.0669,3.7875,34093426[us],0
0.0806,0.0672,3.8079,34115834[us],0
0.0886,0.0662,3.8079,34134442[us],0
0.0806,0.0656,3.8147,34153167[us],0
0.0822,0.0662,3.8045,34173469[us],0
0.0806,0.0654,3.8011,34192181[us],0
0.0838,0.0656,3.8147,34210826[us],0
0.0822,0.0664,3.8113,34229595[us],0
0.0854,0.0653,3.7977,34248268[us],0
0.0806,0.0657,3.8147,34266987[us],0
0.0822,0.0664,3.8147,34285642[us],0
0.0838,0.0736,3.8113,34304376[us],0
0.0822,0.0661,3.8045,34323059[us],0
0.0790,0.0654,3.8079,34341763[us],0
0.0806,0.0661,3.8045,34360363[us],0
0.0838,0.0649,3.8045,34394371[us],0
0.0806,0.0654,3.7977,34413061[us],0
0.0870,0.0657,3.8011,34431674[us],0
0.0870,0.0657,3.8147,34450395[us],0
0.0822,0.0648,3.8181,34468978[us],0
0.0822,0.0651,3.8113,34487629[us],0
0.0886,0.0651,3.7943,34506276[us],0
0.0886,0.0648,3.8079,34525080[us],0
0.0806,0.0651,3.7943,34543688[us],0
0.0838,0.0651,3.8249,34562466[us],0
0.0773,0.0653,3.8079,34581167[us],0
0.0806,0.0661,3.8181,34599862[us],0
0.0773,0.0669,3.8147,34618619[us],0
0.0741,0.0656,3.8079,34637292[us],0
0.0806,0.0656,3.7875,34659606[us],0
0.0886,0.0651,3.7977,34678233[us],0
0.0806,0.0656,3.7943,34697029[us],0
0.0822,0.0653,3.8045,34715625[us],0
0.0806,0.0648,3.7943,34737793[us],0
0.0773,0.0645,3.7943,34756395[us],0
0.0773,0.0645,3.8113,34775084[us],0
0.0838,0.0649,3.8113,34793735[us],0
0.0806,0.0645,3.8011,34812441[us],0
0.0741,0.0646,3.8079,34831043[us],0
0.0854,0.0648,3.8147,34849685[us],0
0.0773,0.0649,3.8113,34868349[us],0
0.0790,0.0648,3.7943,34887056[us],0
0.0806,0.0654,3.8113,34905708[us],0
0.0757,0.0649,3.8045,34928779[us],0
0.0822,0.0649,3.8079,34947485[us],0
0.0854,0.0651,3.8011,34966142[us],0
0.0822,0.0654,3.8181,34984805[us],0
0.0725,0.0651,3.8113,35003508[us],0
0.0500,0.0656,3.7943,35022214[us],0
0.0822,0.0656,3.7977,35040814[us],0
0.0854,0.0661,3.8011,35059474[us],0
0.0886,0.0664,3.8011,35078170[us],0
0.0822,0.0661,3.8045,35096822[us],0
0.0822,0.0659,3.8079,35115525[us],0
0.0838,0.0665,3.8113,35134114[us],0
0.0838,0.0653,3.8011,35152811[us],0
0.0790,0.0649,3.8011,35171497[us],0
0.0806,0.0646,3.8113,35193966[us],0
0.0790,0.0662,3.8113,35212660[us],0
0.0773,0.0662,3.8011,35231321[us],0
0.0806,0.0661,3.8079,35250052[us],0
0.0806,0.0653,3.8011,35268701[us],0
0.0902,0.0659,3.7977,35287302[us],0
0.0822,0.0662,3.8011,35305947[us],0
0.0854,0.0683,3.7943,35324607[us],0
0.0822,0.0656,3.8045,35343272[us],0
0.0838,0.0656,3.7977,35362032[us],0
0.0822,0.0664,3.8147,35380599[us],0
0.0790,0.0657,3.8011,35399296[us],0
0.0870,0.0659,3.8011,35417939[us],0
0.0822,0.0654,3.7977,35436693[us],0
0.0806,0.0649,3.8079,35459858[us],0
0.0838,0.0661,3.8045,35478523[us],0
0.0806,0.0662,3.8011,35497192[us],0
0.0822,0.0659,3.8113,35515944[us],0
0.0806,0.0661,3.8113,35534603[us],0
0.0790,0.0645,3.8079,35553312[us],0
0.0838,0.0654,3.8079,35571907[us],0
0.0854,0.0640,3.8011,35590605[us],0
0.0854,0.0648,3.8011,35609315[us],0
0.0757,0.0683,3.7875,35628018[us],0
0.0806,0.0648,3.8079,35646591[us],0
0.0790,0.0653,3.8011,35665292[us],0
0.0790,0.0643,3.8045,35684002[us],0
0.0773,0.0645,3.8011,35706308[us],0
0.0838,0.0646,3.8079,35725014[us],0
0.0806,0.0651,3.8011,35743658[us],0
0.0822,0.0649,3.7943,35762371[us],0
0.0870,0.2886,3.8079,35781026[us],0
0.0870,0.0649,3.8113,35799748[us],0
0.0773,0.0656,3.8113,35818446[us],0
0.0822,0.0654,3.8045,35837151[us],0
0.0822,0.0645,3.8011,35855797[us],0
0.0806,0.0656,3.7943,35875216[us],0
0.0806,0.0651,3.8045,35900527[us],0
0.0822,0.0659,3.8113,35919217[us],0
0.0822,0.0653,3.8045,35937884[us],0
0.0806,0.0651,3.8011,35956516[us],0
0.0870,0.0653,3.8147,35981535[us],0
0.0790,0.0659,3.8215,36000147[us],0
0.0790,0.0651,3.8079,36018805[us],0
0.0870,0.0653,3.7875,36037395[us],0
0.0822,0.0654,3.8045,36056108[us],0
0.0757,0.0651,3.7875,36074756[us],0
0.0806,0.0659,3.8079,36093421[us],0
0.0838,0.0656,3.8113,36112016[us],0
0.0854,0.0661,3.8011,36130746[us],0
0.0822,0.0661,3.8113,36149403[us],0
0.0806,0.0651,3.8147,36168075[us],0
0.0822,0.0657,3.8045,36186666[us],0
0.3110,0.0641,3.7977,36207069[us],0
0.0806,0.0661,3.7909,36225783[us],0
0.0822,0.0657,3.8011,36248088[us],0
0.0806,0.0661,3.8113,36266693[us],0
0.0838,0.0656,3.8181,36289014[us],0
0.0838,0.0659,3.8113,36307716[us],0
0.0822,0.0657,3.8113,36326360[us],0
0.0838,0.0659,3.8215,36344967[us],0
0.0806,0.0653,3.8113,36367245[us],0
0.0806,0.0649,3.8045,36385951[us],0
0.0790,0.0653,3.8147,36404676[us],0
0.0838,0.0651,3.8011,36423332[us],0
0.0790,0.0656,3.7943,36445658[us],0
0.0822,0.0667,3.7909,36464304[us],0
0.0806,0.0662,3.8045,36483010[us],0
0.0854,0.0656,3.8249,36501716[us],0
0.0838,0.0656,3.7637,36539423[us],0
0.0806,0.0659,3.8011,36558175[us],0
0.0822,0.0659,3.8045,36578760[us],0
0.0822,0.0662,3.7943,36597419[us],0
0.0806,0.0657,3.7977,36616076[us],0
0.0806,0.0664,3.8079,36634731[us],0
0.0806,0.0659,3.8011,36657124[us],0
0.0870,0.0659,3.7943,36675728[us],0
0.0790,0.0648,3.8079,36694396[us],0
0.0838,0.0653,3.8045,36713045[us],0
0.0838,0.0646,3.8079,36733658[us],0
0.0773,0.0646,3.8079,36752272[us],0
0.0790,0.0653,3.8011,36771029[us],0
0.0757,0.0653,3.8011,36789684[us],0
0.0870,0.0703,3.8079,36812049[us],0
0.0806,0.0657,3.7943,36830751[us],0
0.0790,0.0656,3.7977,36849414[us],0
0.0806,0.0648,3.8147,36868084[us],0
0.0790,0.0646,3.8045,36888560[us],0
0.0806,0.0649,3.7943,36907321[us],0
0.0806,0.0648,3.8079,36926048[us],0
0.0806,0.0646,3.8011,36944701[us],0
0.0790,0.0653,3.8079,36963587[us],0
0.0822,0.0651,3.8113,36982410[us],0
0.0773,0.0654,3.8147,37001036[us],0
0.0790,0.0657,3.8147,37019654[us],0
0.0822,0.0653,3.8079,37040221[us],0
0.0822,0.0649,3.8079,37058934[us],0
0.0854,0.0656,3.7977,37082091[us],0
0.0822,0.0653,3.8045,37100935[us],0
0.0822,0.0654,3.8113,37119521[us],0
0.0854,0.0651,3.8113,37138182[us],0
0.0757,0.0656,3.8011,37156896[us],0
0.0773,0.0654,3.8113,37175560[us],0
0.0757,0.0656,3.8045,37194265[us],0
0.0822,0.0656,3.7977,37212917[us],0
0.0838,0.0656,3.7977,37231625[us],0
0.0806,0.0646,3.8011,37250347[us],0
0.0773,0.0649,3.8045,37268946[us],0
0.0806,0.0654,3.8011,37287595[us],0
0.0790,0.0651,3.7943,37306253[us],0
0.0854,0.0654,3.8079,37328662[us],0
0.0838,0.0653,3.7977,37347363[us],0
0.0822,0.0653,3.8113,37366010[us],0
0.0806,0.0646,3.8181,37384669[us],0
0.0806,0.0654,3.7977,37403345[us],0
0.0822,0.0656,3.8079,37422077[us],0
0.0822,0.0649,3.7977,37440678[us],0
0.0854,0.0653,3.7943,37459367[us],0
0.0854,0.0656,3.8045,37478029[us],0
0.0806,0.0651,3.7977,37496740[us],0
0.0822,0.0653,3.7977,37515465[us],0
0.0790,0.0648,3.8079,37534206[us],0
0.0886,0.3044,3.8079,37552907[us],0
0.0790,0.0653,3.8181,37571611[us],0
0.0806,0.0654,3.7943,37594689[us],0
0.0806,0.0645,3.7943,37613349[us],0
0.0822,0.0654,3.8249,37632036[us],0
0.0806,0.0651,3.8113,37650826[us],0
0.0822,0.0651,3.8045,37669478[us],0
0.0838,0.0645,3.8011,37688111[us],0
0.0822,0.0646,3.8011,37706787[us],0
0.0838,0.0649,3.7943,37725581[us],0
0.0806,0.0646,3.8079,37744243[us],0
0.0773,0.0656,3.7943,37762907[us],0
0.0822,0.0651,3.7977,37781599[us],0
0.0822,0.0649,3.8181,37800306[us],0
0.0822,0.0654,3.8147,37819010[us],0
0.0806,0.0654,3.8079,37837713[us],0
0.0838,0.0662,3.7943,37860009[us],0
0.0806,0.0667,3.8011,37878611[us],0
0.0854,0.0664,3.8113,37897403[us],0
0.0790,0.0648,3.8011,37916013[us],0
0.0822,0.0649,3.8113,37934709[us],0
0.0806,0.0649,3.8011,37953363[us],0
0.0790,0.0667,3.8147,37972116[us],0
0.0822,0.0654,3.7943,37990715[us],0
0.2997,0.0633,3.8045,38009465[us],0
0.0773,0.0646,3.8011,38028080[us],0
0.0790,0.0649,3.7977,38046744[us],0
0.0806,0.0667,3.8011,38065458[us],0
0.0806,0.0640,3.8113,38084271[us],0
0.0806,0.0653,3.8113,38102955[us],0
0.0806,0.0659,3.7977,38126108[us],0
0.0773,0.0656,3.8011,38144873[us],0
0.0822,0.0645,3.7943,38163692[us],0
0.0838,0.0656,3.8079,38182350[us],0
0.0854,0.0645,3.8181,38201135[us],0
0.0790,0.0645,3.8011,38219928[us],0
0.0790,0.0651,3.8045,38238532[us],0
0.0838,0.0645,3.7943,38264609[us],0
0.0806,0.0654,3.7875,38283315[us],0
0.0822,0.0659,3.8147,38302045[us],0
0.0790,0.0664,3.7943,38320707[us],0
0.0773,0.0654,3.8011,38339364[us],0
0.0822,0.0662,3.7943,38358028[us],0
0.0822,0.0664,3.7977,38376657[us],0
0.0822,0.0664,3.8079,38398955[us],0
0.0806,0.0665,3.8079,38417576[us],0
0.0854,0.0649,3.8045,38436307[us],0
0.0790,0.0656,3.8079,38454924[us],0
0.0806,0.0661,3.7943,38473576[us],0
0.0757,0.0657,3.8011,38492265[us],0
0.0806,0.0669,3.7909,38512693[us],0
0.0822,0.0659,3.7977,38531395[us],0
0.0790,0.0662,3.7977,38550206[us],0
0.0838,0.0664,3.7977,38568814[us],0
0.0790,0.0653,3.8113,38587482[us],0
0.0790,0.0648,3.8011,38606233[us],0
0.0806,0.0651,3.7977,38624947[us],0
0.0806,0.0649,3.7977,38643630[us],0
0.0838,0.0649,3.8113,38677590[us],0
0.0757,0.0648,3.8079,38696365[us],0
0.0822,0.0648,3.8079,38715090[us],0
0.0773,0.0646,3.8079,38733728[us],0
0.0822,0.0648,3.8079,38752454[us],0
0.0854,0.0653,3.7977,38771120[us],0
0.0822,0.0654,3.8011,38789837[us],0
0.0822,0.0653,3.8113,38808509[us],0
0.0838,0.0649,3.7943,38827225[us],0
0.0790,0.0656,3.7875,38846063[us],0
0.0854,0.0653,3.8045,38864787[us],0
0.0790,0.0656,3.7943,38883490[us],0
0.0806,0.0657,3.8079,38902174[us],0
0.0822,0.0651,3.7943,38924531[us],0
0.0773,0.0648,3.8011,38943237[us],0
0.0822,0.0649,3.7977,38961908[us],0
0.0838,0.0649,3.8215,38980657[us],0
0.0773,0.0648,3.8113,38999315[us],0
0.0822,0.0646,3.7977,39019791[us],0
0.0886,0.0649,3.8011,39038415[us],0
0.0806,0.0661,3.7977,39057135[us],0
0.0822,0.0646,3.7909,39075742[us],0
0.0838,0.0646,3.8011,39094469[us],0
0.0773,0.0646,3.8079,39113088[us],0
0.0822,0.0649,3.8079,39131817[us],0
0.0806,0.0649,3.8045,39150422[us],0
0.0870,0.0648,3.8045,39170888[us],0
0.0258,-0.0005,3.8045,39195790[us],0
0.0322,0.0000,3.8147,39214552[us],0
0.0258,0.0002,3.8181,39233239[us],0
0.0274,-0.0002,3.8385,39251922[us],0
0.0290,-0.0005,3.8385,39270606[us],0
0.0226,-0.0003,3.8351,39289316[us],0
0.0274,-0.0006,3.8283,39308022[us],0
0.0258,-0.0003,3.8283,39326676[us],0
0.0274,-0.0002,3.8215,39345345[us],0
0.0242,0.0003,3.8351,39364006[us],0
0.0274,-0.0005,3.8249,39382735[us],0
0.0290,-0.0003,3.8317,39401387[us],0
0.0290,-0.0003,3.8283,39420049[us],0
0.0290,-0.0003,3.8283,39438708[us],0
0.0226,-0.0003,3.8181,39461075[us],0
0.0226,-0.0006,3.8385,39479678[us],0
0.0306,-0.0003,3.8249,39498375[us],0
0.0290,-0.0003,3.8283,39516994[us],0
0.0290,-0.0003,3.8453,39535704[us],0
0.0226,-0.0002,3.8351,39554363[us],0
0.0290,-0.0008,3.8419,39573004[us],0
0.0226,0.0000,3.8249,39591664[us],0
0.0242,-0.0003,3.8113,39610356[us],0
0.0258,-0.0005,3.8215,39628978[us],0
0.0290,0.0000,3.8283,39647629[us],0
0.0274,-0.0002,3.8181,39666272[us],0
0.0290,-0.0005,3.8317,39684986[us],0
0.0226,-0.0006,3.8215,39708069[us],0
0.0274,-0.0006,3.8249,39726732[us],0
0.0274,-0.0008,3.8249,39745469[us],0
0.0242,-0.0003,3.8351,39764091[us],0
0.0258,-0.0003,3.8283,39782758[us],0
0.0274,0.0003,3.8351,39801457[us],0
0.0258,-0.0002,3.8385,39820120[us],0
0.0258,-0.0002,3.8487,39838793[us],0
0.0258,-0.0002,3.8317,39857458[us],0
0.0290,-0.0005,3.8249,39876181[us],0
0.0242,0.0000,3.8283,39894872[us],0
0.0274,-0.0008,3.8283,39913583[us],0
0.0209,0.0002,3.8351,39932323[us],0
0.0290,0.0002,3.8283,39950969[us],0
0.0274,-0.0008,3.8283,39973359[us],0
0.0274,-0.0006,3.8283,39992080[us],0
0.0258,-0.0006,3.8249,40010712[us],0
0.0306,-0.0008,3.8317,40029268[us],0
0.0322,-0.0005,3.8351,40047932[us],0
0.0274,-0.0006,3.8249,40066543[us],0
0.0274,-0.0005,3.8317,40085338[us],0
0.0258,-0.0005,3.8385,40104004[us],0
0.0274,-0.0008,3.8283,40122666[us],0
0.0274,0.0000,3.8215,40141321[us],0
0.0322,-0.0005,3.8249,40160080[us],0
0.0306,-0.0008,3.8283,40178736[us],0
0.0242,-0.0005,3.8351,40197437[us],0
0.0274,-0.0005,3.8419,40220531[us],0
0.0274,-0.0005,3.8317,40239291[us],0
0.0274,0.0000,3.8351,40257959[us],0
0.0258,-0.0003,3.8215,40276658[us],0
0.0322,-0.0003,3.8249,40295315[us],0
0.0290,0.0002,3.8385,40314029[us],0
0.0306,-0.0003,3.8385,40332775[us],0
0.0338,-0.0003,3.8419,40351478[us],0
0.0322,-0.0003,3.8317,40370092[us],0
0.0226,-0.0003,3.8385,40388798[us],0
0.0306,-0.0006,3.8181,40407505[us],0
0.0226,-0.0006,3.8181,40426170[us],0
0.0290,0.0005,3.8317,40444869[us],0
0.0306,0.0000,3.8283,40463560[us],0
0.0258,0.0000,3.8487,40485884[us],0
0.0306,-0.0008,3.8283,40504478[us],0
0.0258,-0.0006,3.8351,40523178[us],0
0.0258,-0.0002,3.8283,40541780[us],0
0.0290,-0.0003,3.8249,40560423[us],0
0.0274,0.0000,3.8385,40579059[us],0
0.0306,-0.0005,3.8215,40598458[us],0
0.0290,-0.0008,3.8351,40623648[us],0
0.0258,0.0000,3.8283,40642210[us],0
0.0290,-0.0002,3.8283,40660756[us],0
0.0306,-0.0003,3.8283,40679383[us],0
0.0258,0.0000,3.8283,40698076[us],0
0.0274,0.0000,3.8385,40718439[us],0
0.0274,0.0002,3.8385,40737092[us],0
0.0258,-0.0002,3.8317,40772197[us],0
0.0306,-0.0003,3.8215,40791740[us],0
0.0226,-0.0003,3.8249,40811271[us],0
0.0226,-0.0002,3.8419,40830755[us],0
0.0290,0.0002,3.8419,40851965[us],0
0.0258,-0.0002,3.8317,40871531[us],0
0.0274,-0.0002,3.8317,40891080[us],0
0.0274,0.0002,3.8351,40910603[us],0
0.0258,0.0000,3.8249,40931911[us],0
0.0322,-0.0003,3.8351,40951489[us],0
0.0290,-0.0002,3.8385,40972836[us],0
0.0226,-0.0002,3.8181,40992309[us],0
0.0306,-0.0006,3.8283,41013653[us],0
0.0274,-0.0002,3.8351,41036879[us],0
0.0242,-0.0002,3.8317,41055292[us],0
0.0274,-0.0003,3.8147,41073757[us],0
0.0274,-0.0005,3.8249,41095751[us],0
0.0306,-0.0002,3.8351,41114202[us],0
0.0290,-0.0005,3.8283,41132777[us],0
0.0290,-0.0003,3.8215,41151225[us],0
0.0274,-0.0005,3.8351,41171531[us],0
0.0306,-0.0002,3.8351,41190033[us],0
0.0306,-0.0003,3.8215,41210229[us],0
0.0258,-0.0005,3.8419,41228685[us],0
0.0322,-0.0006,3.8385,41250799[us],0
0.0242,-0.0008,3.8249,41269308[us],0
0.0290,0.0002,3.8385,41289450[us],0
0.0290,0.0000,3.8317,41314347[us],0
0.0290,0.0000,3.8249,41332728[us],0
0.0258,0.0002,3.8351,41351155[us],0
0.0258,-0.0005,3.8283,41369649[us],0
0.0290,0.0000,3.8283,41391798[us],0
0.0306,0.0002,3.8283,41410232[us],0
0.0306,-0.0002,3.8351,41428708[us],0
0.0274,0.0000,3.8283,41447155[us],0
0.0274,-0.0003,3.8385,41465814[us],0
0.0290,-0.0008,3.8215,41484268[us],0
0.0290,-0.0006,3.8453,41502783[us],0
0.0290,-0.0003,3.8419,41521221[us],0
0.0322,-0.0002,3.8351,41539797[us],0
0.0226,-0.0005,3.8351,41562013[us],0
0.0322,0.0000,3.8385,41580536[us],0
0.0274,-0.0002,3.8317,41598975[us],0
0.0306,-0.0006,3.8385,41619167[us],0
0.0274,0.0000,3.8351,41637721[us],0
0.0306,0.0003,3.8249,41657942[us],0
0.0242,-0.0003,3.8283,41676378[us],0
0.0258,-0.0005,3.8215,41698376[us],0
0.0338,-0.0002,3.8317,41716940[us],0
0.0274,-0.0008,3.8385,41735406[us],0
0.0242,-0.0003,3.8317,41753873[us],0
0.0290,0.0000,3.8453,41772395[us],0
0.0226,-0.0006,3.8317,41790895[us],0
0.0306,0.0000,3.8283,41811110[us],0
0.0322,-0.0003,3.8419,41835981[us],0
0.0354,-0.0010,3.8385,41854376[us],0
0.0322,-0.0006,3.8283,41872825[us],0
0.0306,-0.0002,3.8283,41891384[us],0
0.0258,-0.0005,3.8249,41909879[us],0
0.0290,-0.0005,3.8181,41928279[us],0
0.0258,0.0002,3.8419,41946732[us],0
0.0274,-0.0002,3.8453,41965261[us],0
0.0274,-0.0005,3.8351,41983782[us],0
0.0322,0.0002,3.8385,42002170[us],0
0.0242,-0.0003,3.8317,42020611[us],0
0.0274,-0.0002,3.8249,42039061[us],0
0.0290,-0.0008,3.8215,42057615[us],0
0.0290,-0.0006,3.8317,42079709[us],0
0.0290,-0.0006,3.8317,42098098[us],0
0.0258,0.0000,3.8487,42116544[us],0
0.0290,-0.0006,3.8385,42134997[us],0
0.0338,-0.0002,3.8317,42153529[us],0
0.0258,0.0002,3.8453,42171932[us],0
0.0258,0.0002,3.8215,42190371[us],0
0.0274,-0.0003,3.8283,42208828[us],0
0.0226,0.0000,3.8249,42227338[us],0
0.0258,-0.0002,3.8419,42245818[us],0
0.0258,0.0002,3.8283,42264265[us],0
0.0274,-0.0002,3.8419,42282736[us],0
0.0226,-0.0003,3.8249,42301304[us],0
0.0209,-0.0003,3.8385,42319712[us],0
0.0258,-0.0003,3.8283,42342689[us],0
0.0274,-0.0002,3.8283,42361175[us],0
0.0242,0.0000,3.8147,42379678[us],0
0.0226,-0.0003,3.8385,42398114[us],0
0.0242,-0.0005,3.8385,42416574[us],0
0.0290,0.0002,3.8487,42435032[us],0
0.0258,-0.0003,3.8419,42453607[us],0
0.0274,0.0000,3.8317,42472060[us],0
0.0290,0.0000,3.8487,42490497[us],0
0.0242,-0.0003,3.8351,42508973[us],0
0.0306,0.0003,3.8249,42527500[us],0
0.0290,0.0000,3.8283,42546037[us],0
0.0290,-0.0003,3.8317,42564525[us],0
0.0290,-0.0003,3.8249,42582908[us],0
0.0226,-0.0006,3.8249,42605063[us],0
0.0306,0.0002,3.8351,42623614[us],0
0.0258,-0.0002,3.8283,42642061[us],0
0.0274,-0.0005,3.8249,42660556[us],0
0.0306,-0.0003,3.8283,42679010[us],0
0.0258,0.0002,3.8283,42697552[us],0
0.0258,0.0000,3.8351,42716003[us],0
0.0274,-0.0002,3.8487,42734478[us],0
0.0306,-0.0002,3.8249,42752888[us],0
0.0242,0.0002,3.8283,42771376[us],0
0.0306,-0.0005,3.8283,42789888[us],0
0.0274,-0.0003,3.8317,42808371[us],0
0.0290,-0.0005,3.8215,42826830[us],0
0.0242,-0.0003,3.8249,42860658[us],0
0.0258,-0.0003,3.8317,42879151[us],0
0.0258,-0.0003,3.8283,42897646[us],0
0.0306,-0.0002,3.8351,42916185[us],0
0.0258,-0.0005,3.8521,42934771[us],0
0.0274,0.0000,3.8385,42953229[us],0
0.0242,-0.0005,3.8351,42979115[us],0
0.0258,-0.0005,3.8351,42997555[us],0
0.0258,-0.0002,3.8249,43016088[us],0
0.0274,-0.0005,3.8419,43034537[us],0
0.0290,-0.0002,3.8453,43052998[us],0
0.0322,-0.0002,3.8351,43071453[us],0
0.0274,-0.0002,3.8317,43089923[us],0
0.0290,0.0000,3.8283,43108432[us],0
0.0274,-0.0003,3.8351,43130552[us],0
0.0209,-0.0003,3.8283,43150705[us],0
0.0290,-0.0005,3.8351,43169106[us],0
0.0274,0.0000,3.8351,43187615[us],0
0.0274,-0.0002,3.8453,43206065[us],0
0.0306,-0.0002,3.8317,43224595[us],0
0.0258,-0.0005,3.8385,43243064[us],0
0.0258,-0.0002,3.8317,43261623[us],0
0.0322,-0.0006,3.8351,43280025[us],0
0.0274,-0.0003,3.8487,43298519[us],0
0.0258,-0.0002,3.8385,43317112[us],0
0.0290,-0.0006,3.8317,43335654[us],0
0.0274,-0.0005,3.8385,43354069[us],0
0.0242,-0.0005,3.8317,43377081[us],0
0.0306,-0.0008,3.8521,43395555[us],0
0.0258,-0.0003,3.8249,43414004[us],0
0.0306,-0.0003,3.8385,43432426[us],0
0.0242,-0.0008,3.8317,43450849[us],0
0.0274,0.0000,3.8283,43469447[us],0
0.0242,-0.0003,3.8317,43487882[us],0
0.0258,-0.0002,3.8385,43506356[us],0
0.0258,0.0002,3.8317,43524876[us],0
0.0290,-0.0006,3.8249,43543332[us],0
0.0258,-0.0005,3.8181,43561836[us],0
0.0290,0.0000,3.8351,43582041[us],0
0.0306,0.0002,3.8283,43600427[us],0
0.0290,-0.0003,3.8385,43618830[us],0
0.0258,-0.0003,3.8215,43640983[us],0
0.0274,-0.0005,3.8249,43659488[us],0
0.0290,0.0000,3.8283,43677959[us],0
0.0274,-0.0005,3.8283,43696415[us],0
0.0274,-0.0005,3.8283,43714888[us],0
0.0290,0.0003,3.8385,43733364[us],0
0.0258,-0.0003,3.8249,43751856[us],0
0.0274,-0.0002,3.8351,43770364[us],0
0.0290,-0.0002,3.8317,43788771[us],0
0.0258,-0.0005,3.8249,43808993[us],0
0.0258,0.0000,3.8351,43827493[us],0
0.0209,0.0002,3.8317,43846030[us],0
0.0226,-0.0003,3.8283,43864407[us],0
0.0258,-0.0011,3.8385,43887509[us],0
0.0290,-0.0003,3.8487,43905970[us],0
0.0258,-0.0003,3.8453,43924411[us],0
0.0258,-0.0006,3.8317,43942904[us],0
0.0274,-0.0005,3.8283,43961411[us],0
0.0306,-0.0008,3.8283,43979818[us],0
0.0290,-0.0002,3.8351,43998321[us],0
0.0242,-0.0003,3.8351,44016790[us],0
0.0274,-0.0003,3.8249,44035251[us],0
0.0274,-0.0002,3.8453,44053701[us],0
0.0274,0.0003,3.8283,44072266[us],0
0.0258,-0.0005,3.8453,44090758[us],0
0.0258,-0.0005,3.8283,44109206[us],0
0.0242,-0.0005,3.8283,44127724[us],0
0.0306,-0.0006,3.8283,44149822[us],0
0.0258,0.0002,3.8351,44168315[us],0
0.0274,-0.0003,3.8521,44186720[us],0
0.0322,-0.0003,3.8351,44205304[us],0
0.0226,-0.0002,3.8283,44223762[us],0
0.0274,-0.0003,3.8317,44242261[us],0
0.0290,0.0000,3.8147,44260720[us],0
0.0226,-0.0005,3.8351,44279130[us],0
0.0258,-0.0003,3.8215,44297634[us],0
0.0242,-0.0002,3.8453,44316128[us],0
0.0322,-0.0002,3.8385,44334583[us],0
0.0306,-0.0002,3.8453,44353116[us],0
0.0306,-0.0003,3.8317,44371625[us],0
0.0290,0.0000,3.8317,44390112[us],0
0.0306,0.0002,3.8317,44406142[us],0
0.0274,0.0000,3.8453,44424584[us],0
0.0258,0.0003,3.8283,44443024[us],0
0.0258,-0.0003,3.8249,44461568[us],0
0.0322,-0.0005,3.8283,44479970[us],0
0.0290,-0.0002,3.8487,44498474[us],0
0.0290,-0.0002,3.8385,44516919[us],0
0.0274,-0.0005,3.8453,44535442[us],0
0.0306,0.0000,3.8385,44553903[us],0
0.0290,-0.0005,3.8113,44572390[us],0
0.0274,-0.0003,3.8283,44590850[us],0
0.0290,-0.0002,3.8283,44609322[us],0
0.0290,0.0002,3.8283,44627837[us],0
0.0338,-0.0002,3.8385,44650813[us],0
0.0290,-0.0002,3.8351,44669264[us],0
0.0290,-0.0003,3.8351,44687678[us],0
0.0274,-0.0005,3.8317,44706189[us],0
0.0338,-0.0002,3.8419,44724689[us],0
0.0306,0.0000,3.8385,44743154[us],0
0.0258,-0.0002,3.8147,44761666[us],0
0.0290,0.0000,3.8249,44780112[us],0
0.0306,0.0003,3.8147,44798594[us],0
0.0258,-0.0003,3.8385,44817037[us],0
0.0258,-0.0003,3.8317,44835552[us],0
0.0274,-0.0002,3.8419,44854008[us],0
0.0274,-0.0005,3.8385,44872563[us],0
0.0274,0.0000,3.8453,44891018[us],0
0.0258,-0.0005,3.8317,44924006[us],0
0.0209,-0.0003,3.8249,44942536[us],0
0.0274,-0.0005,3.8351,44961049[us],0
0.0306,-0.0008,3.8385,44979525[us],0
0.0322,-0.0002,3.8317,44997990[us],0
0.0274,-0.0006,3.8385,45016531[us],0
0.0258,-0.0002,3.8317,45035008[us],0
0.0274,0.0002,3.8385,45053469[us],0
0.0242,-0.0002,3.8249,45072003[us],0
0.0258,-0.0002,3.8215,45090465[us],0
0.0274,-0.0008,3.8215,45109055[us],0
0.0290,0.0000,3.8249,45127523[us],0
0.0290,-0.0003,3.8317,45146024[us],0
0.0274,-0.0002,3.8351,45168959[us],0
0.0226,-0.0005,3.8385,45187494[us],0
0.0290,-0.0002,3.8215,45205992[us],0
0.0258,-0.0003,3.8385,45224501[us],0
0.0290,-0.0005,3.8283,45242971[us],0
0.0290,-0.0002,3.8283,45261544[us],0
0.0258,-0.0003,3.8351,45280032[us],0
0.0290,-0.0003,3.8453,45305942[us],0
0.0290,-0.0003,3.8351,45324461[us],0
0.0258,0.0000,3.8283,45343010[us],0
0.0242,0.0000,3.8249,45361419[us],0
0.0258,0.0000,3.8317,45379891[us],0
0.0290,0.0003,3.8351,45398454[us],0
0.0274,-0.0002,3.8385,45416927[us],0
0.0258,-0.0006,3.8317,45439108[us],0
0.0258,-0.0003,3.8317,45457528[us],0
0.0258,0.0000,3.8385,45476110[us],0
0.0274,-0.0003,3.8283,45494568[us],0
0.0338,-0.0002,3.8453,45513073[us],0
0.0306,0.0000,3.8351,45531593[us],0
0.0290,-0.0005,3.8385,45551916[us],0
0.0258,-0.0003,3.8351,45570376[us],0
0.0322,-0.0003,3.8351,45588978[us],0
0.0290,-0.0002,3.8351,45607450[us],0
0.0274,-0.0006,3.8385,45625955[us],0
0.0290,-0.0005,3.8317,45644556[us],0
0.0242,0.0000,3.8385,45663095[us],0
0.0306,-0.0006,3.8419,45687943[us],0
0.0258,0.0000,3.8385,45706415[us],0
0.0290,-0.0003,3.8419,45725056[us],0
0.0290,-0.0003,3.8249,45743618[us],0
0.0306,-0.0003,3.8351,45765591[us],0
0.0258,-0.0005,3.8385,45784064[us],0
0.0258,-0.0003,3.8385,45802641[us],0
0.0290,-0.0003,3.8385,45821107[us],0
0.0274,0.0000,3.8453,45841415[us],0
0.0274,-0.0003,3.8419,45859831[us],0
0.0290,-0.0008,3.8351,45878316[us],0
0.0258,-0.0003,3.8351,45896892[us],0
0.0274,0.0000,3.8385,45918998[us],0
