GI1=10[A],GI2=50[A],GV1=0.00340[V],Timestamp[us]|| kI1=0.00161, bI1=100,kI2=0.00016, bI2=140, kV1=0.00340
0.0242,0.0000,3.8351,467732,0
0.0306,-0.0008,3.8521,483738,0
0.0274,0.0002,3.8385,499746,0
0.0226,-0.0002,3.8453,515763,0
0.0242,-0.0003,3.8453,531761,0
0.0258,0.0000,3.8419,549530,0
0.0306,-0.0006,3.8351,565465,0
0.0258,0.0003,3.8283,581482,0
0.0290,0.0002,3.8419,597436,0
0.0274,-0.0002,3.8453,616902,0
0.0274,-0.0003,3.8453,632865,0
0.0290,-0.0003,3.8351,648889,0
0.0193,-0.0003,3.8487,665007,0
0.0242,-0.0002,3.8317,684628,0
0.0290,0.0002,3.8419,700589,0
0.0258,0.0000,3.8385,716591,0
0.0274,-0.0005,3.8521,732632,0
0.0274,-0.0002,3.8487,748746,0
0.0322,-0.0005,3.8317,764787,0
0.0338,-0.0002,3.8351,780793,0
0.0209,-0.0005,3.8419,796854,0
0.0290,0.0002,3.8317,814752,0
0.0290,0.0000,3.8487,830749,0
0.0258,-0.0003,3.8317,846785,0
0.0209,-0.0002,3.8419,862742,0
0.0258,-0.0003,3.8419,878784,0
0.0306,-0.0002,3.8351,894741,0
0.0242,0.0000,3.8351,910777,0
0.0258,-0.0003,3.8419,926765,0
0.0306,-0.0006,3.8385,947438,0
0.0306,0.0000,3.8351,963505,0
0.0258,-0.0005,3.8385,979537,0
0.0290,0.0002,3.8351,995527,0
0.0258,-0.0005,3.8317,1011583,0
0.0290,-0.0006,3.8385,1027616,0
0.0274,-0.0002,3.8419,1043623,0
0.0242,0.0000,3.8385,1059751,0
0.0274,0.0000,3.8385,1075752,0
0.0226,-0.0005,3.8385,1091870,0
0.0290,-0.0003,3.8283,1107922,0
0.0242,0.0000,3.8351,1123936,0
0.0274,-0.0005,3.8283,1139937,0
0.0242,-0.0006,3.8317,1156023,0
0.0258,-0.0005,3.8385,1172079,0
0.0290,-0.0006,3.8317,1188115,0
0.0274,-0.0005,3.8317,1207789,0
0.0274,0.0000,3.8317,1223898,0
0.0306,-0.0003,3.8419,1239892,0
0.0242,-0.0005,3.8249,1255841,0
0.0274,-0.0005,3.8385,1271856,0
0.0242,-0.0002,3.8385,1287909,0
0.0306,0.0000,3.8419,1303972,0
0.0274,-0.0003,3.8317,1319909,0
0.0242,0.0002,3.8283,1335910,0
0.0322,0.0002,3.8453,1351961,0
0.0274,-0.0005,3.8419,1368013,0
0.0242,0.0000,3.8419,1383957,0
0.0274,-0.0003,3.8555,1399953,0
0.0242,-0.0003,3.8419,1416020,0
0.0290,-0.0002,3.8419,1432028,0
0.0258,-0.0003,3.8351,1448028,0
0.0322,-0.0002,3.8487,1468522,0
0.0290,-0.0003,3.8419,1484569,0
0.0290,0.0002,3.8453,1500521,0
0.0274,-0.0011,3.8351,1516566,0
0.0290,-0.0003,3.8419,1532536,0
0.0258,0.0000,3.8453,1548593,0
0.0274,-0.0002,3.8419,1564581,0
0.0306,-0.0003,3.8351,1580652,0
0.0274,-0.0002,3.8317,1596653,0
0.0258,-0.0008,3.8351,1612703,0
0.0306,-0.0008,3.8317,1628655,0
0.0209,-0.0008,3.8453,1644664,0
0.0258,-0.0002,3.8419,1660730,0
0.0226,-0.0005,3.8419,1676787,0
0.0242,-0.0003,3.8419,1692795,0
0.0306,0.0000,3.8317,1708831,0
0.0306,-0.0006,3.8283,1722214,0
0.0258,0.0002,3.8385,1738177,0
0.0290,-0.0008,3.8385,1754182,0
0.0306,0.0000,3.8351,1770197,0
0.0274,-0.0005,3.8351,1786190,0
0.0242,-0.0003,3.8453,1802301,0
0.0258,-0.0008,3.8419,1818253,0
0.0274,-0.0003,3.8453,1834270,0
0.0274,0.0000,3.8453,1850280,0
0.0274,-0.0002,3.8453,1866329,0
0.0242,-0.0003,3.8385,1882407,0
0.0258,-0.0005,3.8487,1898415,0
0.0274,-0.0006,3.8385,1914439,0
0.0322,-0.0003,3.8385,1930490,0
0.0274,0.0002,3.8419,1946498,0
0.0242,0.0002,3.8453,1966173,0
0.0274,0.0002,3.8419,1982221,0
0.0290,0.0000,3.8419,1998221,0
0.0306,-0.0003,3.8385,2014221,0
0.0258,-0.0002,3.8453,2030233,0
0.0209,-0.0006,3.8385,2046249,0
0.0306,-0.0003,3.8385,2062299,0
0.0242,-0.0005,3.8385,2078371,0
0.0258,-0.0003,3.8385,2094375,0
0.0274,-0.0002,3.8419,2110415,0
0.0290,-0.0002,3.8317,2126478,0
0.0290,-0.0006,3.8317,2142527,0
0.0274,-0.0005,3.8249,2158576,0
0.0290,-0.0005,3.8385,2175364,0
0.0290,-0.0003,3.8419,2198208,0
0.0290,-0.0006,3.8521,2214293,0
0.0290,-0.0005,3.8317,2236588,0
0.0274,0.0000,3.8317,2252546,0
0.0274,-0.0003,3.8453,2268565,0
0.0290,-0.0006,3.8487,2284525,0
0.0274,-0.0006,3.8521,2300482,0
0.0242,-0.0008,3.8317,2316446,0
0.0306,-0.0005,3.8385,2332538,0
0.0258,0.0002,3.8419,2348486,0
0.0290,0.0003,3.8555,2364459,0
0.0306,0.0000,3.8419,2380459,0
0.0274,-0.0006,3.8419,2396466,0
0.0258,-0.0003,3.8385,2412474,0
0.0290,-0.0003,3.8351,2428462,0
0.0258,-0.0005,3.8283,2444469,0
0.0226,-0.0002,3.8283,2460549,0
0.0226,-0.0005,3.8453,2491008,0
0.0258,0.0002,3.8351,2509493,0
0.0306,-0.0003,3.8385,2529755,0
0.0258,-0.0002,3.8419,2548238,0
0.0258,0.0000,3.8487,2566711,0
0.0306,-0.0006,3.8385,2585193,0
0.0290,0.0002,3.8317,2605529,0
0.0274,-0.0003,3.8351,2624015,0
0.0290,-0.0003,3.8385,2642584,0
0.0274,0.0002,3.8317,2661012,0
0.0258,0.0002,3.8453,2682939,0
0.0242,-0.0002,3.8419,2701415,0
0.0274,-0.0003,3.8385,2719973,0
0.0258,-0.0006,3.8385,2738411,0
0.0258,0.0000,3.8283,2760306,0
0.0274,-0.0005,3.8419,2778780,0
0.0290,0.0000,3.8351,2801725,0
0.0274,-0.0005,3.8555,2820279,0
0.0274,-0.0002,3.8283,2838716,0
0.0258,-0.0005,3.8351,2857218,0
0.0306,-0.0003,3.8317,2875706,0
0.0290,0.0000,3.8317,2894352,0
0.0258,0.0002,3.8283,2912818,0
0.0258,-0.0006,3.8385,2931269,0
0.0242,-0.0003,3.8487,2949767,0
0.0274,0.0003,3.8419,2970218,0
0.0226,-0.0002,3.8317,2988706,0
0.0242,-0.0002,3.8351,3007200,0
0.0258,-0.0008,3.8385,3025694,0
0.0306,-0.0003,3.8283,3045991,0
0.0306,-0.0008,3.8419,3064482,0
0.0274,-0.0005,3.8453,3082955,0
0.0290,-0.0002,3.8351,3105034,0
0.0290,-0.0005,3.8249,3125267,0
0.0306,-0.0006,3.8385,3143755,0
0.0290,-0.0002,3.8351,3162198,0
0.0322,0.0002,3.8419,3180715,0
0.0306,-0.0002,3.8589,3199238,0
0.0274,-0.0003,3.8453,3217825,0
0.0242,-0.0008,3.8283,3236329,0
0.0274,-0.0002,3.8317,3254726,0
0.0306,-0.0005,3.8385,3275048,0
0.0290,0.0000,3.8283,3293587,0
0.0306,-0.0005,3.8385,3312194,0
0.0290,0.0000,3.8419,3330671,0
0.0306,-0.0003,3.8487,3349039,0
0.0306,-0.0002,3.8521,3367587,0
0.0290,-0.0002,3.8453,3390556,0
0.0274,-0.0003,3.8453,3409032,0
0.0306,0.0000,3.8317,3427525,0
0.0306,-0.0002,3.8317,3445936,0
0.0274,0.0003,3.8419,3464425,0
0.0258,0.0000,3.8351,3482897,0
0.0226,-0.0003,3.8283,3501378,0
0.0290,-0.0003,3.8317,3519902,0
0.0274,0.0002,3.8317,3538388,0
0.0226,-0.0005,3.8317,3556870,0
0.0290,-0.0005,3.8487,3575365,0
0.0274,-0.0006,3.8351,3593898,0
0.0274,-0.0003,3.8351,3612340,0
0.0258,-0.0003,3.8487,3630868,0
0.0306,-0.0002,3.8419,3649356,0
0.0258,-0.0002,3.8453,3667878,0
0.0242,0.0000,3.8351,3689980,0
0.0258,-0.0002,3.8487,3708526,0
0.0290,0.0000,3.8283,3727063,0
0.0274,-0.0003,3.8419,3745576,0
0.0242,0.0000,3.8351,3764055,0
0.0322,-0.0002,3.8419,3782461,0
0.0258,-0.0003,3.8249,3801047,0
0.0274,-0.0003,3.8351,3819529,0
0.0306,0.0000,3.8351,3838007,0
0.0258,-0.0008,3.8351,3856477,0
0.0242,0.0000,3.8317,3875052,0
0.0274,-0.0005,3.8215,3893518,0
0.0274,-0.0003,3.8385,3911989,0
0.0258,-0.0003,3.8385,3930474,0
0.0274,-0.0002,3.8555,3948997,0
0.0322,-0.0003,3.8317,3967490,0
0.0306,-0.0002,3.8385,3990459,0
0.0274,-0.0003,3.8487,4008938,0
0.0290,-0.0003,3.8317,4027465,0
0.0274,-0.0003,3.8487,4045993,0
0.0242,0.0000,3.8453,4064478,0
0.0274,-0.0005,3.8691,4082945,0
0.0274,-0.0003,3.8657,4101474,0
0.0209,-0.0005,3.8079,4120005,0
0.0274,0.0000,3.7841,4138510,0
0.0258,-0.0002,3.8691,4156993,0
0.0209,-0.0005,3.8623,4175522,0
0.0274,-0.0010,3.8147,4194003,0
0.0242,-0.0003,3.8521,4212589,0
0.0306,-0.0003,3.8759,4231078,0
0.0290,-0.0005,3.8657,4249601,0
0.0258,-0.0003,3.7977,4271795,0
0.0306,-0.0003,3.8759,4290350,0
0.0242,-0.0005,3.9133,4308818,0
0.0306,-0.0003,3.8181,4327309,0
0.0306,-0.0003,3.8181,4345831,0
0.0290,-0.0003,3.8725,4364372,0
0.0242,-0.0005,3.9167,4382845,0
0.0290,-0.0003,3.8453,4401333,0
0.0226,-0.0003,3.8249,4419854,0
0.0242,-0.0008,3.8181,4438414,0
0.0306,-0.0002,3.7943,4456949,0
0.0258,-0.0005,3.8113,4476177,0
0.0226,0.0000,3.7807,4501457,0
0.0226,0.0003,3.8147,4520007,0
0.0306,-0.0005,3.7841,4538506,0
0.0242,-0.0002,3.8385,4557038,0
0.0322,0.0000,3.9099,4579929,0
0.0274,-0.0008,3.8827,4598394,0
0.0306,-0.0005,3.7909,4616751,0
0.0290,0.0000,3.8657,4635114,0
0.0274,-0.0008,3.8351,4653617,0
0.0290,0.0000,3.8521,4671991,0
0.0290,0.0000,3.7569,4690411,0
0.0274,-0.0002,3.8113,4708775,0
0.0209,0.0000,3.8589,4727207,0
0.0258,0.0002,3.8453,4745592,0
0.0209,0.0002,3.8487,4763990,0
0.0258,-0.0003,3.8419,4782407,0
0.0274,0.0002,3.8181,4800898,0
0.0258,-0.0003,3.8181,4819398,0
0.0322,-0.0002,3.7977,4837801,0
0.0274,-0.0002,3.8317,4856182,0
0.0258,0.0000,3.8487,4890379,0
0.0258,-0.0008,3.8351,4910020,0
0.0258,-0.0003,3.8487,4929485,0
0.0290,-0.0006,3.8419,4949091,0
0.0290,0.0000,3.8351,4968597,0
0.0274,-0.0005,3.8351,4988215,0
0.0274,-0.0003,3.8181,5007683,0
0.0306,-0.0002,3.8385,5027372,0
0.0258,-0.0010,3.8453,5046845,0
0.0242,-0.0003,3.8487,5066435,0
0.0242,-0.0003,3.8283,5085888,0
0.0290,-0.0003,3.8487,5105608,0
0.0306,-0.0008,3.8317,5125062,0
0.0274,-0.0005,3.8419,5144617,0
0.0258,-0.0002,3.8453,5164111,0
0.0274,-0.0005,3.8351,5189924,0
0.0258,-0.0002,3.8283,5208158,0
0.0354,-0.0002,3.8453,5226493,0
0.0242,-0.0003,3.8385,5244888,0
0.0258,0.0000,3.8385,5263172,0
0.0306,-0.0005,3.8487,5281411,0
0.0322,-0.0003,3.8317,5299731,0
0.0322,-0.0006,3.8317,5318090,0
0.0290,-0.0003,3.8351,5336318,0
0.0354,0.0000,3.8317,5354552,0
0.0290,-0.0002,3.8317,5372852,0
0.0338,0.0003,3.8317,5391081,0
0.0306,0.0000,3.8453,5409364,0
0.0306,-0.0003,3.8317,5427640,0
0.0322,-0.0003,3.8385,5445908,0
0.0322,-0.0003,3.8419,5464248,0
0.0274,-0.0006,3.8317,5486189,0
0.0274,-0.0003,3.8351,5504485,0
0.0274,-0.0003,3.8283,5522749,0
0.0306,-0.0003,3.8487,5541055,0
0.0306,-0.0005,3.8249,5559394,0
0.0242,-0.0003,3.8487,5577583,0
0.0258,0.0000,3.8385,5595848,0
0.0290,0.0000,3.8351,5614185,0
0.0274,-0.0003,3.8385,5632464,0
0.0322,-0.0003,3.8453,5650814,0
0.0290,-0.0003,3.8385,5669082,0
0.0274,-0.0006,3.8283,5687421,0
0.0290,-0.0002,3.8351,5705691,0
0.0258,-0.0006,3.8351,5724058,0
0.0242,-0.0003,3.8283,5742333,0
0.0242,-0.0008,3.8419,5765045,0
0.0258,-0.0005,3.8385,5783340,0
0.0226,0.0003,3.8521,5801666,0
0.0226,0.0000,3.8385,5819987,0
0.0322,-0.0002,3.8317,5838263,0
0.0274,0.0000,3.8419,5856544,0
0.0226,-0.0006,3.8351,5874845,0
0.0354,0.0000,3.8521,5893128,0
0.0274,-0.0010,3.8351,5911391,0
0.0274,-0.0002,3.8521,5929660,0
0.0242,-0.0003,3.8453,5947977,0
0.0258,-0.0005,3.8453,5966321,0
0.0306,-0.0005,3.8419,5984597,0
0.0274,-0.0003,3.8317,6002868,0
0.0274,-0.0005,3.8351,6021203,0
0.0242,-0.0006,3.8317,6039419,0
0.0274,0.0000,3.8317,6061419,0
0.0242,-0.0003,3.8453,6079676,0
0.0290,-0.0005,3.8487,6097946,0
0.0258,0.0000,3.8453,6116210,0
0.0274,-0.0006,3.8419,6134470,0
0.0242,-0.0002,3.8283,6152688,0
0.0274,-0.0005,3.8317,6170957,0
0.0258,-0.0003,3.8385,6189268,0
0.0290,0.0000,3.8283,6207641,0
0.0274,-0.0002,3.8283,6225898,0
0.0290,0.0000,3.8317,6244115,0
0.0258,-0.0003,3.8385,6262437,0
0.0226,-0.0003,3.8419,6280703,0
0.0209,-0.0003,3.8249,6299025,0
0.0274,0.0000,3.8317,6317307,0
0.0274,-0.0002,3.8453,6335506,0
0.0274,-0.0005,3.8351,6358264,0
0.0242,0.0000,3.8453,6376692,0
0.0274,-0.0002,3.8419,6394902,0
0.0290,-0.0003,3.8487,6413175,0
0.0258,-0.0005,3.8453,6431451,0
0.0226,-0.0006,3.8453,6449815,0
0.0274,-0.0002,3.8351,6468089,0
0.0258,-0.0003,3.8351,6486364,0
0.0242,-0.0005,3.8419,6504639,0
0.0274,-0.0003,3.8283,6522964,0
0.0274,0.0000,3.8249,6541284,0
0.0290,-0.0003,3.8385,6559463,0
0.0290,-0.0003,3.8419,6577732,0
0.0274,-0.0006,3.8419,6596049,0
0.0274,-0.0003,3.8419,6614326,0
0.0290,-0.0003,3.8283,6636264,0
0.0258,-0.0003,3.8419,6654574,0
0.0306,-0.0005,3.8419,6672897,0
0.0226,0.0000,3.8419,6691142,0
0.0258,-0.0002,3.8419,6709399,0
0.0306,0.0000,3.8283,6727671,0
0.0242,0.0002,3.8453,6745976,0
0.0274,0.0002,3.8453,6764298,0
0.0290,-0.0002,3.8487,6782609,0
0.0274,-0.0002,3.8317,6801633,0
0.0258,-0.0002,3.8317,6826748,0
0.0322,-0.0006,3.8453,6845135,0
0.0258,0.0000,3.8521,6863350,0
0.0338,0.0000,3.8521,6881554,0
0.0242,-0.0002,3.8521,6899877,0
0.0242,0.0000,3.8419,6918190,0
0.0258,-0.0006,3.8453,6942805,0
0.0242,-0.0002,3.8317,6961185,0
0.0290,0.0000,3.8453,6979474,0
0.0306,-0.0003,3.8487,6997740,0
0.0242,-0.0002,3.8487,7016110,0
0.0242,-0.0003,3.8317,7034431,0
0.0306,-0.0005,3.8351,7052777,0
0.0306,-0.0002,3.8385,7071146,0
0.0226,-0.0010,3.8385,7089469,0
0.0258,-0.0003,3.8385,7107742,0
0.0226,-0.0005,3.8317,7126115,0
0.0290,-0.0002,3.8385,7144391,0
0.0274,-0.0003,3.8487,7162792,0
0.0306,-0.0003,3.8487,7181046,0
0.0274,-0.0003,3.8385,7202845,0
0.0258,0.0000,3.8385,7221075,0
0.0258,-0.0010,3.8317,7246858,0
0.0274,0.0005,3.8317,7267152,0
0.0306,-0.0002,3.8419,7285411,0
0.0290,-0.0003,3.8317,7303805,0
0.0306,-0.0005,3.8419,7322120,0
0.0258,-0.0005,3.8385,7342306,0
0.0290,-0.0010,3.8453,7360581,0
0.0226,-0.0003,3.8487,7378897,0
0.0274,0.0184,3.8351,7397214,0
0.0226,0.0179,3.8283,7419060,0
0.0064,0.0324,3.8181,7437329,0
0.0709,0.0288,3.8215,7455671,0
0.0661,0.0288,3.8351,7474015,0
0.0322,0.0322,3.8317,7495878,0
0.2659,0.2844,3.7773,7514112,0
0.0822,0.0640,3.8011,7536088,0
0.0773,0.0648,3.8045,7554455,0
0.0773,0.0640,3.8147,7576379,0
0.0822,0.0649,3.8215,7594627,0
0.0773,0.0645,3.8181,7612892,0
0.0741,0.0645,3.8079,7631139,0
0.0790,0.0651,3.8147,7652996,0
0.0822,0.0656,3.8215,7671258,0
0.0773,0.0648,3.8113,7689618,0
0.0822,0.0641,3.8113,7707920,0
0.0806,0.0643,3.8113,7726340,0
0.0806,0.0648,3.8147,7744589,0
0.0790,0.0649,3.8249,7762904,0
0.0806,0.0648,3.8249,7781157,0
0.0725,0.0645,3.8079,7799528,0
0.0822,0.0651,3.8113,7817829,0
0.0790,0.0649,3.8215,7840625,0
0.0790,0.0648,3.8079,7860818,0
0.0773,0.0651,3.8283,7879069,0
0.0806,0.0654,3.8249,7897367,0
0.0822,0.0659,3.8079,7915667,0
0.0773,0.0653,3.8113,7934012,0
0.0757,0.0648,3.8147,7952229,0
0.0854,0.0646,3.8045,7970594,0
0.0822,0.0662,3.8113,7988893,0
0.0822,0.0649,3.8147,8009064,0
0.0870,0.0648,3.8249,8027367,0
0.0757,0.0648,3.8215,8045622,0
0.0773,0.0651,3.8249,8063970,0
0.0757,0.0654,3.8045,8082293,0
0.0838,0.0690,3.8181,8100585,0
0.0790,0.0653,3.8011,8118823,0
0.0806,0.0661,3.8113,8140886,0
0.0822,0.0654,3.8215,8159151,0
0.0822,0.0657,3.8079,8177403,0
0.0773,0.0662,3.8147,8195702,0
0.0790,0.0659,3.8249,8214060,0
0.0822,0.0659,3.8147,8232319,0
0.0854,0.0657,3.8147,8250617,0
0.0854,0.0653,3.8011,8268825,0
0.0757,0.0651,3.8045,8287126,0
0.0806,0.0645,3.8045,8305433,0
0.0806,0.0651,3.8181,8323724,0
0.0886,0.0607,3.8181,8341979,0
0.0838,0.0651,3.8079,8360292,0
0.0806,0.0649,3.8215,8378596,0
0.0854,0.0648,3.8079,8396837,0
0.0822,0.0656,3.8249,8415150,0
0.0822,0.0653,3.8113,8439667,0
0.0822,0.0654,3.8215,8457981,0
0.0790,0.0654,3.8215,8476295,0
0.0790,0.0645,3.8147,8494593,0
0.0790,0.0654,3.8147,8512893,0
0.0725,0.0653,3.8147,8531105,0
0.0854,0.0648,3.8215,8549459,0
0.0838,0.0654,3.8045,8567791,0
0.0806,0.0657,3.7977,8586089,0
0.0773,0.0653,3.8249,8604340,0
0.0806,0.0653,3.8079,8622641,0
0.0806,0.0648,3.8045,8640945,0
0.0790,0.0653,3.8113,8659249,0
0.0822,0.0656,3.8113,8677532,0
0.0822,0.0654,3.8079,8695791,0
0.0838,0.0654,3.8147,8714146,0
0.0806,0.0653,3.8079,8736121,0
0.0806,0.0648,3.8011,8754364,0
0.0806,0.0648,3.8147,8772663,0
0.0806,0.0653,3.8147,8791023,0
0.0790,0.0649,3.8181,8809233,0
0.0838,0.0646,3.8215,8827526,0
0.0854,0.0653,3.8181,8845854,0
0.0806,0.0646,3.8045,8864213,0
0.0790,0.0649,3.8283,8882414,0
0.0806,0.0659,3.8113,8900714,0
0.0822,0.0648,3.8181,8919015,0
0.0902,0.0651,3.8079,8937352,0
0.0838,0.0651,3.8215,8955660,0
0.0773,0.0656,3.8181,8973953,0
0.0806,0.0651,3.8045,8992226,0
0.0757,0.0651,3.8181,9010512,0
0.0790,0.0657,3.8079,9033345,0
0.0822,0.0654,3.8045,9051653,0
0.0822,0.0653,3.8079,9069934,0
0.0838,0.0653,3.8147,9088240,0
0.0790,0.0648,3.8181,9106629,0
0.0790,0.0654,3.8113,9124924,0
0.0838,0.0653,3.8113,9150782,0
0.0838,0.0648,3.8045,9168975,0
0.0838,0.0649,3.8045,9187241,0
0.0790,0.0649,3.8181,9205470,0
0.0806,0.0649,3.7977,9223676,0
0.0822,0.0646,3.8147,9241941,0
0.0790,0.0649,3.8079,9260149,0
0.0790,0.0646,3.8181,9278351,0
0.0790,0.0653,3.8079,9296561,0
0.0838,0.0648,3.8147,9314840,0
0.0773,0.0651,3.8045,9336718,0
0.0773,0.0651,3.8215,9354987,0
0.0757,0.0648,3.8045,9373250,0
0.0870,0.0645,3.8147,9391656,0
0.0790,0.0649,3.8079,9409867,0
0.0806,0.0649,3.8215,9429852,0
0.0790,0.0656,3.8147,9448110,0
0.0822,0.0669,3.8045,9466356,0
0.0790,0.0653,3.8045,9484628,0
0.0757,0.0648,3.7977,9502854,0
0.0773,0.0646,3.8249,9521121,0
0.0806,0.0649,3.8113,9539466,0
0.0822,0.0656,3.8147,9557725,0
0.0806,0.0653,3.8147,9576065,0
0.0854,0.0645,3.8181,9594337,0
0.0806,0.0651,3.8215,9612759,0
0.0806,0.0656,3.8147,9646205,0
0.0838,0.0654,3.8079,9668078,0
0.0822,0.0653,3.8147,9686349,0
0.0822,0.0651,3.8181,9704668,0
0.0822,0.0649,3.8113,9722989,0
0.0806,0.0653,3.8215,9743102,0
0.0838,0.0649,3.8147,9761322,0
0.0806,0.0646,3.8045,9779588,0
0.0806,0.0651,3.8147,9797842,0
0.0822,0.0651,3.8113,9816191,0
0.0790,0.0649,3.8045,9834411,0
0.0822,0.0646,3.8045,9852629,0
0.0838,0.0685,3.8045,9870908,0
0.0822,0.0649,3.8147,9891022,0
0.0773,0.0654,3.8215,9909305,0
0.0806,0.0653,3.8079,9927643,0
0.0870,0.0651,3.8215,9949509,0
0.0790,0.0648,3.8011,9967900,0
0.0790,0.0648,3.8113,9986214,0
0.0854,0.0646,3.8147,10004457,0
0.0854,0.0690,3.7943,10022662,0
0.0822,0.0653,3.8181,10041000,0
0.0822,0.0646,3.8113,10059272,0
0.0854,0.0661,3.8045,10077572,0
0.0806,0.0657,3.8113,10095833,0
0.0822,0.0653,3.8113,10117524,0
0.0806,0.0645,3.8113,10135887,0
0.0806,0.0648,3.7977,10154221,0
0.0822,0.0649,3.8113,10172427,0
0.0790,0.0656,3.8079,10190742,0
0.0790,0.0667,3.8215,10209095,0
0.0790,0.0659,3.8147,10227378,0
0.0757,0.0665,3.8045,10251958,0
0.0790,0.0662,3.8147,10270242,0
0.0870,0.0651,3.8079,10288625,0
0.0854,0.0664,3.8147,10306819,0
0.0790,0.0653,3.8011,10325108,0
0.0806,0.0649,3.8249,10343366,0
0.0790,0.0659,3.8215,10361672,0
0.0790,0.0662,3.8113,10379936,0
0.0773,0.0651,3.8079,10398215,0
0.0806,0.0651,3.8181,10416427,0
0.0806,0.0662,3.8011,10434734,0
0.0838,0.0654,3.8181,10452988,0
0.0773,0.0661,3.8079,10471222,0
0.0822,0.0651,3.8181,10489490,0
0.0854,0.0651,3.8079,10507759,0
0.0806,0.0659,3.8079,10529783,0
0.0806,0.0661,3.8147,10548056,0
0.0773,0.0657,3.8079,10566374,0
0.0854,0.0661,3.8011,10584655,0
0.0741,0.0659,3.8011,10602855,0
0.0822,0.0656,3.8147,10621190,0
0.0838,0.0654,3.8113,10639502,0
0.0806,0.0649,3.8147,10657704,0
0.0806,0.0645,3.8283,10675906,0
0.0790,0.0657,3.8215,10694241,0
0.0822,0.0661,3.8181,10712550,0
0.0790,0.0661,3.8147,10730853,0
0.0806,0.0654,3.8045,10749114,0
0.0822,0.0656,3.8181,10767301,0
0.0806,0.0646,3.8181,10785660,0
0.0838,0.0651,3.8079,10803944,0
0.0790,0.0661,3.8181,10826708,0
0.0806,0.0657,3.8113,10844977,0
0.0838,0.0657,3.8113,10863344,0
0.0806,0.0657,3.8181,10881609,0
0.0838,0.0661,3.8045,10899827,0
0.0806,0.0657,3.8113,10918138,0
0.0822,0.0648,3.8215,10936510,0
0.0822,0.0649,3.7943,10954815,0
0.0790,0.0653,3.8215,10973077,0
0.0757,0.0651,3.8045,10991337,0
0.0790,0.0653,3.8181,11009645,0
0.0806,0.0653,3.8249,11027921,0
0.0790,0.0651,3.8147,11046228,0
0.0790,0.0654,3.8079,11064390,0
0.0790,0.0653,3.8011,11082690,0
0.0806,0.0653,3.7909,11104719,0
0.0773,0.0648,3.7943,11122981,0
0.0806,0.0653,3.8181,11141234,0
0.0806,0.0648,3.8181,11159494,0
0.0773,0.0653,3.8045,11177815,0
0.0790,0.0653,3.8011,11196091,0
0.0790,0.0649,3.8215,11214431,0
0.0870,0.0649,3.8147,11232694,0
0.0822,0.0651,3.7909,11251002,0
0.0854,0.2939,3.8079,11269325,0
0.0822,0.0656,3.7943,11287580,0
0.0790,0.0656,3.8045,11305853,0
0.0838,0.0654,3.8079,11324146,0
0.0822,0.0659,3.8011,11342465,0
0.0806,0.0656,3.8249,11360778,0
0.0822,0.0651,3.8181,11379048,0
0.0806,0.0654,3.8181,11401795,0
0.0870,0.2161,3.7671,11420152,0
0.0773,0.0657,3.8079,11438439,0
0.0886,0.0657,3.8045,11464337,0
0.0838,0.0657,3.8113,11482613,0
0.0790,0.0657,3.7977,11500834,0
0.0822,0.0662,3.8113,11519123,0
0.0757,0.0659,3.8249,11537407,0
0.0806,0.0649,3.8011,11555684,0
0.0806,0.0651,3.8113,11573887,0
0.0838,0.0659,3.8113,11592110,0
0.0790,0.0657,3.8147,11610325,0
0.0854,0.0654,3.8113,11628676,0
0.0902,0.0654,3.8249,11646892,0
0.0806,0.0653,3.8011,11665111,0
0.0790,0.0654,3.8045,11686969,0
0.0870,0.0656,3.8045,11705276,0
0.0806,0.0690,3.8045,11723538,0
0.0838,0.0646,3.8215,11741802,0
0.0806,0.0648,3.8181,11760012,0
0.0806,0.0643,3.8079,11778221,0
0.0806,0.0645,3.8181,11796518,0
0.0806,0.0646,3.8147,11814790,0
0.0806,0.0640,3.8079,11833004,0
0.0838,0.0654,3.7909,11851325,0
0.0822,0.0657,3.8079,11869601,0
0.0822,0.0651,3.8181,11887841,0
0.0822,0.0657,3.8079,11906173,0
0.0806,0.2947,3.7739,11924517,0
0.0854,0.0656,3.8215,11942704,0
0.0790,0.0656,3.8113,11961060,0
0.0757,0.0645,3.8215,11994383,0
0.0822,0.0643,3.8011,12014421,0
0.0806,0.0643,3.8045,12032798,0
0.0838,0.0646,3.7875,12051181,0
0.0806,0.0648,3.8079,12069410,0
0.0773,0.0643,3.8113,12087637,0
0.0838,0.0651,3.8147,12105952,0
0.0838,0.0656,3.8181,12126011,0
0.0773,0.0654,3.8113,12144240,0
0.0790,0.0651,3.8045,12162561,0
0.0838,0.0651,3.7943,12180867,0
0.0806,0.0654,3.8045,12199191,0
0.0790,0.0656,3.7977,12217419,0
0.0773,0.0654,3.8011,12235692,0
0.0790,0.0657,3.8045,12254002,0
0.0886,0.0657,3.8079,12272293,0
0.0838,0.0657,3.8113,12288274,0
0.0822,0.0664,3.8011,12306559,0
0.0822,0.0654,3.8079,12324779,0
0.0870,0.0659,3.8181,12343110,0
0.0822,0.0659,3.8147,12361449,0
0.0838,0.0662,3.8113,12379749,0
0.0854,0.0654,3.8147,12398007,0
0.0773,0.0648,3.8079,12416249,0
0.0822,0.0645,3.8079,12434532,0
0.0790,0.0646,3.8045,12452746,0
0.0806,0.0645,3.8079,12471007,0
0.0854,0.0653,3.8215,12489329,0
0.0773,0.0649,3.8045,12507603,0
0.0870,0.0693,3.8045,12525939,0
0.0854,0.0662,3.8147,12544169,0
0.0773,0.0648,3.8045,12566047,0
0.0806,0.0690,3.8045,12584378,0
0.0773,0.0656,3.8147,12602706,0
0.0806,0.0656,3.8011,12620969,0
0.0773,0.0657,3.8113,12639265,0
0.0773,0.0653,3.7977,12657537,0
0.0790,0.0649,3.8045,12675901,0
0.0790,0.0656,3.8249,12694185,0
0.0806,0.0651,3.7943,12712449,0
0.0773,0.0653,3.8113,12730758,0
0.0806,0.0656,3.7977,12749068,0
0.0806,0.0657,3.8113,12767308,0
0.0806,0.0657,3.8113,12785522,0
0.0838,0.0653,3.8079,12803787,0
0.0822,0.0654,3.8113,12822099,0
0.0806,0.0662,3.8181,12840433,0
0.0838,0.0653,3.8045,12863122,0
0.0822,0.0648,3.8079,12881390,0
0.0790,0.0651,3.8079,12899696,0
0.0806,0.0646,3.8045,12918001,0
0.0806,0.0657,3.8079,12936275,0
0.0790,0.0645,3.8045,12954549,0
0.0790,0.0653,3.8113,12972858,0
0.0822,0.0651,3.8079,12991080,0
0.0790,0.0707,3.8113,13009395,0
0.0741,0.0654,3.8045,13027609,0
0.0838,0.0661,3.8147,13045918,0
0.0854,0.0661,3.8045,13064189,0
0.0790,0.0654,3.8011,13082451,0
0.0806,0.0667,3.8045,13100711,0
0.0806,0.0648,3.8147,13119020,0
0.0822,0.0662,3.8113,13140953,0
0.0854,0.0661,3.8113,13159280,0
0.0822,0.0646,3.8011,13177588,0
0.0790,0.0651,3.8147,13195858,0
0.0741,0.0648,3.8113,13214125,0
0.0773,0.0654,3.7841,13232400,0
0.0790,0.0653,3.8045,13250715,0
0.0822,0.0654,3.8147,13268985,0
0.0838,0.0653,3.8147,13287268,0
0.0773,0.0659,3.8147,13305533,0
0.0790,0.0654,3.7943,13323894,0
0.0790,0.0657,3.8147,13342165,0
0.0806,0.0661,3.8079,13360375,0
0.0838,0.0659,3.8011,13378633,0
0.0838,0.0659,3.8113,13396944,0
0.0790,0.0665,3.8113,13415280,0
0.0838,0.0659,3.7977,13437997,0
0.0870,0.0653,3.8147,13456272,0
0.0886,0.0656,3.8147,13474533,0
0.0902,0.0649,3.8147,13492889,0
0.0838,0.0657,3.8079,13511161,0
0.0822,0.0657,3.8147,13529426,0
0.0757,0.0651,3.8045,13547696,0
0.0822,0.0651,3.7909,13566023,0
0.0773,0.0659,3.8113,13584287,0
0.0790,0.0649,3.8079,13602546,0
0.0773,0.0653,3.8147,13620853,0
0.0806,0.0651,3.8079,13639066,0
0.0838,0.0648,3.8215,13657423,0
0.0790,0.0653,3.8215,13675700,0
0.0822,0.0654,3.8079,13693972,0
0.0806,0.0653,3.8113,13715995,0
0.0838,0.0653,3.7977,13734311,0
0.0822,0.0649,3.8079,13753382,0
0.0806,0.0659,3.8011,13778463,0
0.0838,0.0653,3.8079,13796783,0
0.0806,0.0661,3.8011,13815060,0
0.0838,0.0659,3.8011,13833289,0
0.0822,0.0662,3.8079,13851548,0
0.0790,0.0662,3.7977,13869767,0
0.0806,0.0659,3.8011,13887979,0
0.0822,0.0656,3.8113,13906288,0
0.0806,0.0661,3.8147,13924504,0
0.0806,0.0661,3.7943,13942845,0
0.0806,0.0648,3.8079,13961160,0
0.0757,0.0648,3.8079,13979421,0
0.0757,0.0651,3.8147,13997631,0
0.0790,0.0643,3.8215,14020391,0
0.0822,0.0645,3.8147,14038671,0
0.0822,0.0645,3.8181,14056944,0
0.3029,0.2704,3.7705,14075246,0
0.0806,0.0651,3.8113,14093561,0
0.0806,0.0656,3.8045,14111866,0
0.0870,0.0656,3.8079,14130132,0
0.0870,0.0654,3.8011,14148465,0
0.0838,0.0654,3.8011,14166688,0
0.0822,0.0654,3.8079,14184959,0
0.0790,0.0656,3.8181,14203245,0
0.0790,0.0653,3.7909,14223459,0
0.0757,0.0656,3.8215,14241680,0
0.0822,0.0654,3.8045,14260018,0
0.0822,0.0651,3.8079,14278292,0
0.0806,0.0654,3.8011,14310964,0
0.0806,0.0651,3.8215,14329466,0
0.0838,0.0661,3.8079,14347956,0
0.0773,0.0664,3.8113,14368325,0
0.0822,0.0651,3.8011,14386814,0
0.0822,0.0657,3.8181,14405265,0
0.0822,0.0661,3.8147,14423805,0
0.0790,0.0659,3.7977,14442439,0
0.0870,0.0657,3.8181,14461018,0
0.0806,0.0645,3.8113,14479514,0
0.0790,0.0659,3.7909,14497997,0
0.0790,0.0643,3.8011,14516463,0
0.0838,0.0654,3.8079,14534991,0
0.0822,0.0648,3.8215,14553441,0
0.0822,0.0646,3.8181,14571876,0
0.0806,0.0651,3.8181,14590449,0
0.0854,0.0643,3.8011,14615315,0
0.0822,0.0649,3.8113,14633714,0
0.0822,0.0657,3.8079,14652248,0
0.0790,0.0648,3.8147,14670743,0
0.0822,0.0646,3.8045,14689222,0
0.0822,0.0646,3.8215,14707635,0
0.0806,0.0648,3.8113,14726155,0
0.0790,0.0649,3.8215,14744704,0
0.0806,0.0653,3.8045,14763247,0
0.0806,0.0656,3.8113,14781679,0
0.0838,0.0656,3.8045,14800190,0
0.0790,0.0653,3.8147,14818675,0
0.0822,0.0640,3.8147,14837322,0
0.0806,0.0651,3.8011,14855793,0
0.0790,0.0648,3.8113,14874197,0
0.0838,0.0651,3.8045,14896399,0
0.0838,0.0649,3.8045,14914893,0
0.0822,0.0649,3.8181,14933319,0
0.0870,0.0649,3.8079,14955260,0
0.0838,0.0653,3.8249,14973802,0
0.0870,0.0654,3.8079,14992395,0
0.0822,0.0648,3.8011,15010821,0
0.0822,0.0651,3.8113,15029289,0
0.0822,0.0648,3.7943,15047821,0
0.0806,0.0651,3.8215,15066198,0
0.0822,0.0659,3.8079,15084683,0
0.0790,0.0646,3.8079,15103177,0
0.0822,0.0646,3.8045,15121711,0
0.0822,0.0648,3.8113,15140190,0
0.0773,0.0657,3.8045,15158735,0
0.0757,0.0651,3.8011,15177212,0
0.0854,0.0653,3.8045,15200184,0
0.0822,0.0659,3.8079,15218706,0
0.0773,0.0657,3.8011,15237243,0
0.0838,0.0656,3.7977,15255720,0
0.0790,0.0661,3.8147,15274252,0
0.0790,0.0665,3.8011,15292726,0
0.0790,0.0664,3.8181,15311122,0
0.0806,0.0656,3.8113,15329668,0
0.0790,0.0662,3.8011,15348146,0
0.0838,0.0657,3.8113,15366622,0
0.0806,0.0659,3.8079,15385105,0
0.0757,0.0653,3.8113,15403647,0
0.0838,0.0696,3.7739,15422126,0
0.0790,0.0659,3.8079,15440655,0
0.0806,0.0651,3.8215,15459067,0
0.0822,0.0649,3.7943,15481329,0
0.0854,0.0651,3.8045,15499866,0
0.0790,0.0653,3.8011,15518350,0
0.0773,0.0649,3.8011,15536776,0
0.0773,0.0659,3.8181,15555305,0
0.0806,0.0686,3.7841,15573844,0
0.0838,0.0654,3.8147,15592374,0
0.0822,0.0651,3.8045,15610861,0
0.0806,0.0651,3.7909,15629278,0
0.0838,0.0654,3.8113,15647809,0
0.0790,0.0648,3.8011,15666291,0
0.0773,0.0653,3.7909,15684807,0
0.0838,0.0648,3.7909,15703344,0
0.0773,0.0653,3.8147,15721830,0
0.0806,0.0651,3.8283,15740418,0
0.0838,0.0653,3.8079,15758920,0
0.0902,0.0651,3.7977,15781881,0
0.0806,0.0656,3.7977,15800365,0
0.0822,0.0649,3.8113,15818896,0
0.0822,0.0648,3.8079,15837390,0
0.0870,0.0651,3.8045,15855914,0
0.0854,0.0646,3.8181,15874439,0
0.0854,0.0653,3.8147,15892898,0
0.0838,0.0653,3.8147,15911427,0
0.0822,0.0651,3.8079,15929956,0
0.0870,0.0654,3.8011,15948447,0
0.0790,0.0651,3.8011,15966964,0
0.0822,0.0649,3.8079,15985445,0
0.0854,0.0653,3.8181,16003922,0
0.0822,0.0654,3.8113,16022524,0
0.0806,0.0651,3.8181,16041004,0
0.0790,0.0649,3.8011,16063254,0
0.0822,0.0653,3.8113,16082471,0
0.0806,0.0649,3.8317,16107811,0
0.0822,0.0653,3.8283,16126303,0
0.0806,0.0654,3.8079,16144810,0
0.0854,0.0654,3.8011,16163244,0
0.0757,0.0643,3.8079,16181807,0
0.0790,0.0653,3.8079,16200302,0
0.0773,0.0651,3.7977,16218719,0
0.0822,0.0646,3.8079,16237167,0
0.0838,0.0651,3.8147,16255595,0
0.0790,0.0651,3.8079,16274166,0
0.0822,0.0649,3.8079,16292680,0
0.0806,0.0656,3.8113,16311238,0
0.0838,0.0653,3.8045,16329663,0
0.0822,0.0653,3.8113,16348233,0
0.0838,0.0654,3.8011,16371251,0
0.0806,0.0654,3.8147,16389718,0
0.0806,0.0653,3.8045,16408139,0
0.0854,0.0653,3.8147,16426616,0
0.0838,0.0659,3.8079,16445083,0
0.0822,0.0657,3.7977,16463558,0
0.0838,0.0664,3.8215,16482080,0
0.0854,0.0665,3.8011,16500621,0
0.0838,0.0657,3.8011,16519112,0
0.0806,0.0661,3.8045,16537534,0
0.0854,0.0649,3.8215,16556088,0
0.0790,0.0654,3.8147,16574597,0
0.0806,0.0653,3.8045,16593122,0
0.0806,0.0645,3.8079,16611597,0
0.0822,0.0648,3.8113,16630158,0
0.0806,0.0651,3.7977,16663114,0
0.0773,0.0651,3.8147,16681601,0
0.0790,0.0648,3.8147,16700113,0
0.0822,0.0653,3.8249,16718545,0
0.0870,0.2923,3.8011,16737027,0
0.0854,0.0648,3.8181,16755565,0
0.0838,0.0654,3.8147,16774185,0
0.0838,0.0651,3.8011,16792617,0
0.0790,0.0645,3.8147,16811114,0
0.0822,0.0648,3.7977,16829653,0
0.0822,0.0648,3.8045,16849964,0
0.0838,0.0651,3.8079,16868395,0
0.0838,0.0656,3.8113,16886846,0
0.0822,0.0649,3.8215,16905340,0
0.0870,0.0649,3.8079,16923945,0
0.0790,0.0646,3.8045,16942427,0
0.0822,0.0646,3.7977,16965315,0
0.0790,0.0646,3.8113,16983862,0
0.0773,0.0649,3.8113,17002364,0
0.0822,0.0662,3.8113,17020867,0
0.0822,0.0659,3.8147,17039356,0
0.0806,0.0656,3.8181,17057813,0
0.0870,0.0657,3.8079,17076360,0
0.0838,0.0651,3.8045,17094794,0
0.0806,0.0648,3.8079,17113326,0
0.0790,0.0653,3.8045,17131806,0
0.0773,0.0657,3.8215,17150293,0
0.0773,0.0659,3.8181,17168838,0
0.0838,0.0657,3.8011,17187374,0
0.0822,0.0657,3.8113,17205803,0
0.0854,0.0665,3.8181,17224291,0
0.0822,0.0651,3.7943,17246455,0
0.0822,0.0653,3.8045,17264941,0
0.0806,0.0651,3.8113,17283541,0
0.0773,0.0654,3.8113,17302064,0
0.0822,0.0656,3.8113,17320572,0
0.0822,0.0656,3.8147,17339094,0
0.0822,0.0654,3.8045,17357573,0
0.0822,0.0657,3.8181,17376071,0
0.0790,0.0657,3.8113,17394599,0
0.0822,0.0656,3.8045,17413147,0
0.0806,0.0653,3.8045,17431582,0
0.0757,0.0651,3.8045,17450099,0
0.0806,0.0654,3.7977,17468617,0
0.0790,0.0656,3.8045,17487153,0
0.0773,0.0657,3.8181,17505580,0
0.0790,0.0659,3.8249,17524070,0
0.0838,0.0653,3.7943,17547043,0
0.0806,0.0657,3.8045,17565621,0
0.0822,0.0645,3.8147,17584134,0
0.0773,0.0651,3.8113,17602672,0
0.0870,0.0657,3.8011,17621134,0
0.0822,0.0659,3.8079,17639557,0
0.0822,0.0654,3.8113,17658093,0
0.0790,0.0653,3.8079,17676581,0
0.0838,0.0649,3.8147,17695100,0
0.0806,0.0651,3.8045,17713581,0
0.0822,0.0657,3.7943,17732113,0
0.0870,0.0649,3.8045,17750605,0
0.0790,0.0691,3.8079,17769131,0
0.0822,0.0649,3.8079,17787560,0
0.0773,0.0657,3.8147,17806042,0
0.0838,0.0651,3.8147,17828299,0
0.0822,0.0649,3.8011,17846794,0
0.0790,0.0651,3.7909,17865268,0
0.0822,0.0654,3.8045,17883803,0
0.0806,0.0667,3.8079,17902333,0
0.0806,0.0672,3.8113,17920763,0
0.0806,0.0659,3.8113,17939184,0
0.0838,0.0656,3.8011,17957675,0
0.0806,0.0656,3.8113,17976209,0
0.0773,0.0653,3.8011,17994699,0
0.0838,0.0657,3.8079,18013134,0
0.0838,0.0654,3.7977,18031625,0
0.0822,0.0657,3.8215,18050162,0
0.2997,0.0343,3.7977,18068702,0
0.0806,0.0656,3.8045,18087186,0
0.0806,0.0651,3.8147,18105671,0
0.0806,0.0651,3.8113,18128695,0
0.0790,0.0661,3.8011,18147178,0
0.0757,0.0654,3.8147,18165672,0
0.0822,0.0649,3.8113,18184156,0
0.0773,0.0649,3.8011,18202702,0
0.0790,0.0656,3.8215,18221229,0
0.0806,0.0659,3.8215,18239726,0
0.0854,0.0653,3.8045,18258210,0
0.0854,0.0653,3.8147,18276739,0
0.0806,0.0649,3.8045,18295216,0
0.0838,0.0651,3.8113,18313757,0
0.0773,0.0657,3.8045,18332246,0
0.0790,0.0649,3.8113,18350767,0
0.0806,0.0656,3.8181,18369301,0
0.0838,0.0657,3.8147,18387880,0
0.0790,0.0656,3.7977,18410813,0
0.0773,0.0649,3.8045,18436121,0
0.0806,0.0651,3.8181,18454624,0
0.0773,0.0651,3.8011,18473078,0
0.0822,0.0649,3.8045,18491601,0
0.0757,0.0643,3.8079,18510090,0
0.0725,0.0646,3.8045,18528619,0
0.0838,0.0645,3.8079,18547046,0
0.0790,0.0653,3.8181,18565493,0
0.0757,0.0654,3.8079,18583972,0
0.0790,0.0654,3.8045,18602533,0
0.0773,0.0654,3.8147,18620957,0
0.0790,0.0654,3.8147,18639453,0
0.0790,0.0720,3.8249,18657940,0
0.0790,0.0653,3.7977,18678233,0
0.0822,0.0662,3.8079,18696679,0
0.0838,0.0659,3.8011,18719659,0
0.0870,0.0657,3.8147,18739845,0
0.0838,0.0661,3.7875,18758333,0
0.0806,0.0659,3.7977,18776858,0
0.0806,0.0654,3.7977,18795344,0
0.0838,0.0648,3.7875,18815738,0
0.0806,0.0649,3.8079,18834179,0
0.0822,0.0654,3.8181,18852727,0
0.0822,0.0645,3.8147,18871214,0
0.0790,0.0651,3.8079,18891462,0
0.0806,0.0648,3.8079,18909880,0
0.0822,0.0646,3.8147,18928378,0
0.0838,0.0657,3.8147,18946866,0
0.0951,0.0654,3.8079,18967165,0
0.0806,0.0645,3.7977,18985658,0
0.0822,0.0653,3.8079,19018614,0
0.0806,0.0645,3.8113,19038936,0
0.0870,0.0649,3.8079,19057427,0
0.0790,0.0649,3.8011,19075916,0
0.0854,0.0661,3.8079,19094403,0
0.0838,0.0657,3.8113,19114584,0
0.0854,0.0659,3.8079,19133064,0
0.0773,0.0651,3.8079,19151535,0
0.0790,0.0648,3.8113,19170020,0
0.0757,0.0664,3.8181,19188607,0
0.0822,0.0649,3.8249,19207138,0
0.0822,0.0653,3.7943,19225596,0
0.0806,0.0653,3.8079,19243995,0
0.0790,0.0656,3.7977,19262663,0
0.0790,0.0653,3.8011,19281198,0
0.0870,0.0654,3.7875,19299750,0
0.0870,0.0651,3.8011,19324560,0
0.0854,0.0648,3.8113,19343044,0
0.0822,0.0654,3.8045,19361580,0
0.0838,0.0656,3.8045,19380004,0
0.3029,0.0635,3.8045,19398469,0
0.0838,0.0651,3.8113,19417011,0
0.0806,0.0656,3.8079,19435559,0
0.0822,0.0656,3.8113,19453983,0
0.0854,0.0659,3.8079,19472587,0
0.0838,0.0651,3.8215,19491078,0
0.0854,0.0654,3.7977,19509583,0
0.0806,0.0651,3.8079,19528018,0
0.0741,0.0661,3.8215,19546572,0
0.0838,0.0662,3.8045,19565061,0
0.0790,0.0657,3.8045,19583781,0
0.0806,0.0656,3.8045,19605876,0
0.0838,0.0661,3.8113,19624368,0
0.0838,0.0685,3.8011,19642903,0
0.0822,0.0659,3.8045,19661506,0
0.0838,0.0654,3.7977,19679929,0
0.0854,0.0646,3.8011,19698322,0
0.0773,0.0661,3.8113,19716849,0
0.0806,0.0659,3.8079,19735386,0
0.0838,0.0654,3.8079,19753865,0
0.0822,0.0659,3.8011,19772275,0
0.0806,0.0651,3.8113,19790811,0
0.0773,0.0657,3.8113,19809306,0
0.0806,0.0653,3.7977,19827783,0
0.0886,0.0657,3.7943,19846284,0
0.0822,0.0661,3.8011,19864823,0
0.0822,0.0651,3.7977,19883330,0
0.0822,0.0649,3.8147,19906333,0
0.0773,0.0656,3.8045,19924815,0
0.0790,0.0648,3.7943,19943302,0
0.0806,0.0649,3.8011,19961771,0
0.0741,0.0651,3.8011,19980198,0
0.0806,0.0651,3.8113,19998728,0
0.0806,0.0659,3.8181,20017271,0
0.0773,0.0664,3.8113,20035787,0
0.0790,0.0648,3.8011,20054276,0
0.0773,0.0649,3.8181,20072712,0
0.0806,0.0654,3.8249,20091261,0
0.0822,0.0649,3.7977,20109680,0
0.0790,0.0651,3.8045,20128170,0
0.0838,0.0653,3.7977,20146653,0
0.0806,0.0656,3.8181,20165251,0
0.0838,0.0661,3.8113,20187433,0
0.0806,0.0665,3.7977,20205864,0
0.0790,0.0662,3.8079,20224411,0
0.0854,0.0661,3.7977,20242981,0
0.0790,0.0656,3.8079,20261463,0
0.0806,0.0665,3.8011,20279877,0
0.0790,0.0657,3.8045,20298423,0
0.0822,0.0656,3.8011,20316956,0
0.0773,0.0656,3.8045,20335485,0
0.0773,0.0659,3.8113,20353977,0
0.0773,0.0653,3.8249,20372458,0
0.0838,0.0654,3.8079,20390989,0
0.0790,0.0649,3.8011,20409572,0
0.0806,0.0649,3.8011,20427965,0
0.0838,0.0654,3.7943,20446490,0
0.0806,0.0654,3.8147,20464980,0
0.0773,0.0654,3.8147,20488001,0
0.0773,0.0659,3.8011,20506489,0
0.0838,0.0653,3.8011,20524965,0
0.0822,0.0654,3.8079,20543482,0
0.0838,0.0656,3.8011,20561987,0
0.0790,0.0664,3.8147,20580418,0
0.0790,0.0649,3.8045,20598941,0
0.0838,0.0664,3.8045,20617415,0
0.3062,0.0500,3.8113,20635941,0
0.0773,0.0653,3.8045,20654427,0
0.0838,0.0656,3.8113,20672952,0
0.0806,0.0651,3.8181,20691437,0
0.0838,0.0648,3.8079,20709914,0
0.0838,0.0645,3.8215,20728498,0
0.0757,0.0654,3.7977,20746992,0
0.0838,0.0648,3.7909,20776823,0
0.0886,0.0659,3.8181,20795314,0
0.0854,0.0657,3.8079,20813740,0
0.0741,0.2852,3.8113,20832224,0
0.0838,0.0654,3.8283,20850759,0
0.0806,0.0654,3.8147,20869246,0
0.0870,0.0696,3.8113,20887667,0
0.0806,0.0645,3.8147,20906230,0
0.0741,0.0645,3.8079,20924743,0
0.0790,0.0654,3.8113,20943352,0
0.0822,0.0656,3.8113,20961882,0
0.0773,0.0659,3.8079,20980407,0
0.0773,0.0654,3.8011,20998835,0
0.0790,0.0656,3.8113,21017383,0
0.0838,0.0698,3.7807,21035807,0
0.0822,0.0646,3.8079,21054307,0
0.0902,0.0654,3.8045,21079134,0
0.0822,0.0654,3.8079,21097628,0
0.0870,0.0651,3.8181,21116147,0
0.0870,0.0654,3.8079,21134577,0
0.0822,0.0654,3.8147,21154778,0
0.0822,0.0656,3.8079,21173224,0
0.0773,0.0688,3.8079,21191727,0
0.0822,0.0646,3.8079,21210209,0
0.0790,0.0648,3.7943,21228716,0
0.0806,0.0651,3.8215,21247142,0
0.0838,0.0645,3.8011,21265660,0
0.0838,0.0656,3.8113,21284136,0
0.0806,0.0651,3.8283,21302621,0
0.0838,0.0651,3.8113,21321051,0
0.0773,0.0654,3.8181,21339526,0
0.0822,0.0659,3.8147,21372548,0
0.0838,0.0653,3.8045,21391004,0
0.0790,0.0662,3.7943,21409564,0
0.0806,0.0656,3.8147,21428117,0
0.0806,0.0656,3.8045,21446748,0
0.0854,0.0649,3.8113,21465181,0
0.0790,0.0656,3.7977,21485378,0
0.0822,0.0651,3.8011,21503928,0
0.0870,0.0651,3.8113,21525953,0
0.0806,0.0648,3.8147,21544443,0
0.0773,0.0651,3.8045,21562952,0
0.0806,0.0656,3.8079,21581443,0
0.0838,0.0651,3.8215,21601782,0
0.0773,0.0659,3.8079,21620222,0
0.0806,0.0661,3.8011,21638660,0
0.0790,0.0662,3.8113,21657090,0
0.0790,0.0659,3.7977,21680209,0
0.0806,0.0656,3.8079,21698645,0
0.0822,0.0664,3.8045,21717121,0
0.0822,0.0654,3.8249,21735640,0
0.0773,0.0656,3.8079,21754197,0
0.0838,0.0657,3.8113,21772696,0
0.0822,0.0659,3.7977,21791258,0
0.0806,0.0659,3.7977,21809787,0
0.0838,0.0657,3.8079,21828273,0
0.0790,0.0664,3.8045,21846865,0
0.0838,0.0659,3.8011,21865391,0
0.0790,0.0662,3.8011,21883881,0
0.0790,0.0657,3.8181,21902368,0
0.0838,0.0683,3.8113,21920929,0
0.0822,0.0653,3.8113,21939470,0
0.0838,0.0656,3.7943,21957921,0
0.0822,0.0651,3.8147,21973920,0
0.0806,0.0643,3.7943,21992374,0
0.0838,0.0657,3.7943,22010969,0
0.0822,0.0653,3.7977,22029402,0
0.0773,0.0654,3.8079,22047890,0
0.0773,0.0656,3.8113,22066383,0
0.0790,0.0659,3.8079,22085028,0
0.0838,0.0686,3.8147,22103465,0
0.0806,0.0649,3.8045,22121952,0
0.0806,0.0646,3.8011,22140490,0
0.0838,0.0645,3.7943,22158922,0
0.0838,0.0649,3.8181,22177423,0
0.0806,0.0648,3.8113,22195912,0
0.0790,0.0645,3.7977,22214407,0
0.0806,0.0662,3.7977,22232961,0
0.0870,0.0693,3.8045,22255161,0
0.0870,0.0662,3.7943,22273695,0
0.0790,0.0662,3.7977,22292230,0
0.0806,0.0657,3.8147,22310719,0
0.0806,0.0659,3.8113,22329202,0
0.0790,0.0661,3.8147,22347652,0
0.0822,0.0670,3.8045,22366181,0
0.0790,0.0656,3.8215,22384757,0
0.0806,0.0654,3.8079,22403229,0
0.0822,0.0653,3.8079,22421789,0
0.0806,0.0646,3.8113,22440325,0
0.0822,0.0646,3.8045,22458870,0
0.0757,0.0651,3.8045,22477363,0
0.0773,0.0654,3.8011,22495949,0
0.0790,0.0653,3.8045,22514493,0
0.0806,0.0659,3.8011,22532920,0
0.0822,0.0656,3.8113,22555877,0
0.0806,0.0645,3.8011,22574432,0
0.0838,0.0654,3.8113,22592959,0
0.0822,0.0654,3.8113,22611447,0
0.0822,0.0662,3.8181,22629929,0
0.0838,0.0651,3.8181,22648431,0
0.0806,0.0659,3.8147,22667022,0
0.0822,0.0664,3.8147,22685462,0
0.0790,0.0649,3.8079,22703947,0
0.0773,0.0651,3.8113,22722433,0
0.0822,0.0651,3.7977,22740979,0
0.0773,0.0649,3.7977,22759529,0
0.0822,0.0649,3.8147,22777949,0
0.0838,0.0656,3.8011,22796450,0
0.0790,0.0659,3.8079,22814976,0
0.0741,0.0659,3.8011,22837123,0
0.0806,0.0656,3.8045,22855627,0
0.0838,0.0649,3.7909,22874149,0
0.0838,0.0651,3.7977,22892753,0
0.0806,0.0649,3.8045,22911238,0
0.0854,0.0649,3.7977,22929780,0
0.0806,0.0649,3.8113,22948270,0
0.0806,0.0653,3.8045,22966759,0
0.0854,0.0649,3.8215,22985325,0
0.0790,0.0643,3.8079,23003857,0
0.0838,0.0657,3.8011,23022344,0
0.0822,0.0648,3.8011,23040870,0
0.0790,0.0656,3.8045,23059395,0
0.0838,0.0656,3.8079,23077924,0
0.0838,0.0649,3.8215,23097218,0
0.0790,0.0653,3.8147,23122540,0
0.0854,0.0643,3.8045,23145482,0
0.0822,0.0645,3.8045,23163932,0
0.0838,0.0646,3.8045,23182371,0
0.0822,0.0654,3.8079,23200860,0
0.0838,0.0654,3.8147,23219298,0
0.0790,0.0653,3.8079,23237789,0
0.0854,0.0648,3.8113,23256217,0
0.0838,0.0653,3.8113,23274763,0
0.0822,0.0654,3.8011,23293197,0
0.0806,0.0645,3.8079,23311639,0
0.0790,0.0653,3.8147,23330122,0
0.0822,0.0651,3.8113,23348639,0
0.0838,0.0648,3.8181,23367185,0
0.0838,0.0649,3.8147,23385688,0
0.0773,0.0653,3.8147,23404123,0
0.0838,0.0656,3.8147,23426163,0
0.0822,0.0654,3.8045,23444617,0
0.0870,0.0649,3.8011,23463082,0
0.0886,0.0656,3.8113,23481502,0
0.0854,0.0649,3.8079,23500124,0
0.0822,0.0649,3.8011,23518581,0
0.0838,0.0654,3.8079,23537036,0
0.0806,0.0654,3.8045,23555481,0
0.0757,0.0654,3.7977,23575748,0
0.0854,0.0656,3.8079,23594191,0
0.0790,0.0651,3.8113,23612629,0
0.0838,0.0661,3.7943,23630971,0
0.0773,0.0654,3.8181,23651272,0
0.0790,0.0659,3.8181,23669696,0
0.0870,0.0659,3.7977,23689948,0
0.0838,0.0653,3.8011,23708336,0
0.0773,0.0657,3.8045,23743242,0
0.0806,0.0654,3.8045,23764285,0
0.0790,0.0653,3.8249,23783624,0
0.0822,0.0656,3.8147,23802913,0
0.0822,0.0656,3.8113,23822267,0
0.0773,0.0656,3.8011,23841613,0
0.0854,0.0657,3.8079,23862708,0
0.0790,0.0665,3.8045,23882066,0
0.0838,0.0690,3.8181,23901411,0
0.0854,0.0659,3.8045,23920795,0
0.0806,0.0649,3.7977,23940135,0
0.0773,0.0657,3.8079,23959485,0
0.0806,0.0654,3.8045,23978922,0
0.0806,0.0661,3.8045,23998221,0
0.0822,0.0657,3.8147,24017581,0
0.0790,0.0651,3.8011,24040639,0
0.0822,0.0654,3.7943,24058878,0
0.0838,0.0654,3.7977,24077114,0
0.0806,0.0648,3.7909,24095395,0
0.0822,0.0653,3.8113,24113759,0
0.0854,0.0665,3.8147,24132080,0
0.0870,0.0649,3.8113,24150302,0
0.0854,0.0664,3.8113,24168672,0
0.0806,0.0664,3.8147,24187016,0
0.0806,0.0664,3.8249,24205322,0
0.0790,0.0659,3.8147,24223544,0
0.0854,0.0654,3.8011,24241918,0
0.0806,0.0662,3.8011,24260247,0
0.0854,0.0661,3.8079,24278632,0
0.0773,0.0630,3.8045,24296854,0
0.0822,0.0653,3.8113,24315080,0
0.0854,0.0653,3.7943,24337881,0
0.0790,0.0653,3.8079,24356169,0
0.0806,0.0657,3.8011,24374450,0
0.0790,0.0651,3.8045,24392755,0
0.0757,0.0649,3.8045,24411084,0
0.0790,0.0654,3.7909,24429403,0
0.0806,0.0653,3.8079,24447627,0
0.0838,0.0648,3.8045,24465858,0
0.2997,0.0541,3.8147,24484146,0
0.0806,0.0653,3.8045,24502537,0
0.0773,0.0654,3.8045,24520805,0
0.0790,0.0651,3.8215,24539084,0
0.0806,0.0649,3.7977,24557407,0
0.0790,0.0656,3.8079,24575663,0
0.0822,0.0649,3.7977,24593909,0
0.0806,0.0648,3.8079,24615896,0
0.0838,0.0648,3.7739,24634221,0
0.0806,0.0654,3.8011,24652494,0
0.0806,0.0653,3.8215,24670755,0
0.0902,0.0653,3.8011,24689088,0
0.0838,0.0656,3.7977,24707364,0
0.0806,0.0651,3.8045,24725580,0
0.0757,0.0653,3.8079,24743854,0
0.0773,0.0657,3.7909,24762242,0
0.0886,0.0651,3.8113,24780518,0
0.0822,0.0646,3.8147,24798799,0
0.0870,0.0659,3.8113,24817102,0
0.0806,0.0653,3.8045,24835478,0
0.0806,0.0654,3.8147,24853793,0
0.0822,0.0649,3.7977,24872020,0
0.0790,0.0654,3.8181,24890238,0
0.0822,0.0651,3.8045,24913088,0
0.0822,0.0656,3.8011,24931352,0
0.0822,0.0645,3.8045,24949624,0
0.0806,0.0654,3.8113,24967910,0
0.0822,0.0654,3.7977,24986226,0
0.0806,0.0653,3.8079,25004597,0
0.0806,0.0651,3.7977,25022868,0
0.0806,0.0649,3.8079,25041107,0
0.0806,0.0654,3.7977,25059340,0
0.0806,0.0649,3.7977,25077707,0
0.0773,0.0653,3.8079,25095905,0
0.0806,0.0654,3.8079,25114182,0
0.0838,0.0654,3.8045,25132502,0
0.0790,0.0656,3.8181,25150819,0
0.0822,0.0653,3.8147,25169094,0
0.0854,0.0653,3.8011,25191103,0
0.0757,0.0653,3.8113,25209376,0
0.0822,0.0656,3.8011,25227688,0
0.0838,0.0657,3.8113,25246016,0
0.0838,0.0653,3.7977,25264285,0
0.0806,0.0656,3.8181,25282558,0
0.0773,0.0656,3.8113,25300835,0
0.0773,0.0654,3.8045,25319173,0
0.0854,0.0653,3.8045,25337526,0
0.0870,0.0648,3.8045,25355815,0
0.0773,0.0649,3.7977,25374138,0
0.0773,0.0649,3.8147,25392409,0
0.0790,0.0648,3.8113,25410748,0
0.0790,0.0645,3.8079,25429854,0
0.0822,0.0646,3.8147,25455015,0
0.0838,0.0654,3.7909,25473302,0
0.0870,0.3036,3.7909,25495920,0
0.0806,0.0649,3.7909,25514231,0
0.0773,0.0654,3.8045,25532569,0
0.0822,0.0656,3.8079,25550806,0
0.0757,0.0653,3.8249,25569082,0
0.0806,0.0667,3.8079,25587295,0
0.0757,0.0667,3.8011,25605621,0
0.0806,0.0649,3.7977,25623838,0
0.0838,0.3149,3.7671,25642122,0
0.0806,0.0657,3.7943,25660347,0
0.0822,0.0653,3.8045,25678708,0
0.0757,0.0651,3.8045,25697044,0
0.0854,0.0653,3.7943,25715261,0
0.0773,0.0651,3.8113,25733538,0
0.0806,0.0654,3.8079,25751806,0
0.0790,0.0661,3.7909,25773742,0
0.0790,0.0656,3.8045,25791998,0
0.0806,0.0653,3.8215,25810280,0
0.0838,0.0651,3.8079,25830361,0
0.0757,0.0651,3.8045,25848736,0
0.0838,0.0654,3.8181,25867046,0
0.0790,0.0656,3.7977,25885325,0
0.0790,0.0654,3.8181,25903609,0
0.0822,0.0654,3.8079,25921825,0
0.0886,0.0664,3.8215,25940154,0
0.0822,0.0651,3.7977,25958423,0
0.0854,0.0645,3.8079,25978478,0
0.0838,0.0654,3.8113,25996712,0
0.0773,0.0651,3.8113,26015066,0
0.0790,0.0651,3.8181,26033289,0
0.0838,0.0649,3.8079,26053302,0
0.0790,0.0653,3.8113,26086837,0
0.0822,0.0649,3.8011,26108656,0
0.0806,0.0651,3.8147,26126932,0
0.0773,0.0653,3.8147,26145163,0
0.0806,0.0653,3.7977,26163494,0
0.0806,0.0646,3.8147,26183651,0
0.0773,0.0649,3.8147,26201923,0
0.0806,0.0649,3.8147,26220162,0
0.0773,0.0654,3.8079,26238486,0
0.0790,0.0656,3.8011,26256831,0
0.0838,0.0648,3.8011,26275053,0
0.0854,0.0659,3.8113,26293298,0
0.0790,0.0656,3.8215,26311593,0
0.0806,0.0654,3.7977,26329966,0
0.0806,0.0654,3.8079,26348265,0
0.0773,0.0651,3.8045,26370166,0
0.0790,0.0656,3.8011,26388443,0
0.0886,0.0685,3.8011,26406847,0
0.0773,0.0651,3.8079,26425183,0
0.0790,0.0651,3.8215,26443530,0
0.0757,0.0654,3.7977,26461821,0
0.0790,0.0657,3.8181,26480106,0
0.0806,0.0653,3.8079,26498442,0
0.0790,0.0654,3.8113,26516806,0
0.0822,0.0648,3.8045,26535084,0
0.0773,0.0659,3.8045,26555147,0
0.0806,0.0645,3.7909,26573375,0
0.0773,0.0645,3.8079,26591785,0
0.0773,0.0649,3.8045,26610062,0
0.0870,0.0651,3.8079,26628303,0
0.0822,0.0645,3.7977,26646613,0
0.0790,0.0651,3.8113,26669426,0
0.0806,0.0661,3.8215,26687641,0
0.0822,0.0649,3.8011,26705914,0
0.0822,0.0654,3.7977,26724194,0
0.0854,0.0657,3.8011,26742580,0
0.0790,0.0648,3.8351,26760797,0
0.0886,0.0657,3.8011,26779072,0
0.0806,0.0649,3.8011,26797395,0
0.0790,0.0653,3.8113,26815635,0
0.0773,0.0649,3.8011,26833916,0
0.0806,0.0656,3.8011,26852193,0
0.0773,0.0651,3.7773,26870482,0
0.0773,0.0654,3.8045,26888802,0
0.0790,0.0654,3.8079,26907079,0
0.0838,0.0657,3.8045,26925362,0
0.0790,0.0651,3.7943,26947303,0
0.0806,0.0659,3.8147,26965581,0
0.0822,0.0653,3.8113,26983951,0
0.0790,0.0653,3.7977,27002233,0
0.0854,0.0653,3.8147,27020501,0
0.0854,0.0653,3.8079,27038814,0
0.0822,0.0653,3.7977,27057082,0
0.0790,0.0654,3.7977,27075370,0
0.0854,0.0653,3.7943,27093690,0
0.0838,0.0651,3.8079,27111990,0
0.0806,0.0653,3.8079,27130256,0
0.0773,0.0656,3.7977,27148594,0
0.3078,0.0609,3.8113,27166912,0
0.0806,0.0654,3.8147,27185223,0
0.0773,0.0649,3.8045,27203455,0
0.0822,0.0651,3.8011,27221741,0
0.0806,0.0654,3.7943,27244631,0
0.0806,0.0651,3.8147,27262848,0
0.0822,0.0648,3.7977,27281125,0
0.0790,0.0659,3.8079,27299418,0
0.0886,0.0691,3.8045,27317795,0
0.0822,0.0654,3.8147,27336074,0
0.0790,0.0654,3.8079,27354362,0
0.0806,0.0649,3.8011,27372639,0
0.0790,0.0656,3.7943,27390996,0
0.0822,0.0651,3.8079,27409291,0
0.0790,0.0662,3.8249,27427573,0
0.0806,0.0657,3.7977,27445894,0
0.0790,0.0657,3.7943,27464151,0
0.0838,0.0659,3.8147,27482437,0
0.0822,0.0656,3.8079,27500724,0
0.0870,0.0654,3.8011,27522670,0
0.0806,0.0661,3.8011,27540948,0
0.0790,0.0654,3.8113,27559315,0
0.0790,0.0645,3.8147,27577603,0
0.0838,0.0659,3.8011,27595877,0
0.0790,0.0654,3.7977,27614184,0
0.0806,0.0654,3.8147,27632524,0
0.0806,0.0661,3.8079,27650816,0
0.0838,0.0653,3.8045,27669083,0
0.0838,0.0653,3.8079,27687419,0
0.0806,0.0661,3.8113,27705735,0
0.0790,0.3007,3.8011,27724055,0
0.0790,0.0651,3.8079,27743082,0
0.0741,0.0657,3.8147,27768205,0
0.0806,0.0653,3.8079,27786603,0
0.0854,0.0656,3.8079,27804796,0
0.0790,0.0656,3.8113,27827417,0
0.0822,0.0651,3.8045,27845762,0
0.0886,0.0662,3.7943,27863981,0
0.0822,0.0654,3.8113,27882276,0
0.0822,0.0654,3.8045,27900507,0
0.0725,0.0657,3.7909,27918860,0
0.0806,0.0653,3.8045,27937096,0
0.0790,0.0659,3.8045,27955321,0
0.0790,0.0651,3.8079,27973543,0
0.0790,0.0653,3.8181,27991861,0
0.0757,0.0648,3.8045,28010165,0
0.3126,0.0627,3.8011,28028407,0
0.0757,0.0649,3.8079,28046696,0
0.0838,0.0653,3.8079,28066667,0
0.0870,0.0645,3.8045,28085001,0
0.0822,0.0646,3.7977,28106948,0
0.0838,0.0656,3.8113,28125190,0
0.0822,0.0648,3.8011,28143545,0
0.0838,0.0656,3.8011,28161910,0
0.3078,0.0340,3.8079,28180204,0
0.0790,0.0654,3.8045,28198421,0
0.0822,0.0653,3.8113,28216726,0
0.0757,0.0649,3.8011,28234944,0
0.0757,0.0653,3.8181,28253362,0
0.0773,0.0659,3.8045,28271587,0
0.0757,0.0665,3.7909,28289931,0
0.0822,0.0659,3.8079,28308272,0
0.0838,0.0656,3.7943,28326679,0
0.0790,0.0659,3.8249,28344968,0
0.0773,0.0649,3.7977,28363270,0
0.0838,0.0656,3.8045,28381501,0
0.0757,0.0657,3.8181,28415100,0
0.0806,0.0649,3.8147,28433407,0
0.0870,0.0688,3.8113,28451724,0
0.0822,0.0654,3.8045,28470021,0
0.0838,0.0653,3.7977,28488481,0
0.0806,0.0649,3.8011,28506755,0
0.0822,0.0657,3.8079,28524985,0
0.0838,0.0645,3.8045,28543325,0
0.0806,0.0651,3.8283,28561707,0
0.0838,0.0651,3.7977,28579936,0
0.0806,0.0645,3.8113,28598211,0
0.0790,0.0649,3.8181,28616540,0
0.0870,0.0686,3.8011,28634835,0
0.0806,0.0665,3.8011,28653138,0
0.0870,0.0653,3.7943,28671423,0
0.0806,0.0659,3.8249,28693321,0
0.0806,0.0653,3.8045,28711677,0
0.0822,0.0656,3.8147,28730051,0
0.0741,0.0646,3.8147,28748415,0
0.0806,0.0654,3.8113,28766609,0
0.0822,0.0651,3.8011,28784941,0
0.0790,0.0653,3.7977,28803292,0
0.0806,0.0662,3.8045,28821585,0
0.0790,0.0659,3.8011,28839854,0
0.0822,0.0657,3.8079,28858254,0
0.0790,0.0654,3.8045,28876533,0
0.0790,0.0661,3.8215,28894922,0
0.0822,0.0641,3.7875,28913209,0
0.0806,0.0649,3.7773,28931613,0
0.0870,0.0656,3.8181,28949897,0
0.0822,0.0653,3.8045,28968284,0
0.0806,0.0653,3.8011,28991015,0
0.0838,0.0661,3.7943,29009292,0
0.0838,0.0656,3.8079,29027576,0
0.0806,0.0661,3.8113,29045953,0
0.0790,0.0653,3.8079,29064188,0
0.0773,0.0656,3.8079,29082465,0
0.0790,0.0657,3.8181,29100744,0
0.0822,0.0657,3.8011,29119032,0
0.0822,0.0659,3.8045,29137374,0
0.0757,0.0645,3.7977,29155649,0
0.0838,0.0648,3.8011,29173934,0
0.0838,0.0651,3.8011,29192268,0
0.0806,0.0653,3.7977,29210550,0
0.0854,0.0661,3.8045,29228841,0
0.0854,0.0656,3.8079,29247118,0
0.0822,0.0654,3.8215,29269067,0
0.0854,0.0654,3.8079,29287413,0
0.0854,0.0657,3.8045,29305632,0
0.0870,0.0653,3.7943,29323957,0
0.0806,0.0645,3.8079,29342241,0
0.0790,0.0651,3.8079,29360506,0
0.0822,0.0654,3.8011,29378881,0
0.0806,0.0654,3.8011,29397209,0
0.0709,0.0657,3.8011,29415433,0
0.0790,0.0648,3.7977,29433639,0
0.0806,0.0659,3.8079,29451984,0
0.0806,0.0657,3.7977,29470315,0
0.0854,0.0646,3.8045,29488617,0
0.0822,0.0651,3.8045,29506902,0
0.0838,0.0665,3.8079,29525193,0
0.0838,0.0659,3.7977,29543565,0
0.0806,0.0646,3.8045,29566291,0
0.0806,0.0646,3.8113,29584568,0
0.0790,0.0654,3.8147,29602850,0
0.0790,0.0648,3.8045,29621185,0
0.0838,0.0645,3.8045,29639485,0
0.0757,0.0648,3.8147,29657771,0
0.0806,0.0657,3.8011,29676058,0
0.0790,0.0651,3.8011,29694387,0
0.0773,0.0661,3.7977,29712703,0
0.0854,0.0659,3.8181,29730992,0
0.0806,0.0659,3.8045,29749284,0
0.0822,0.0662,3.8011,29767569,0
0.0790,0.0661,3.8113,29785929,0
0.0757,0.0640,3.8011,29804210,0
0.0773,0.0653,3.8079,29822486,0
0.0806,0.0645,3.8011,29844482,0
0.0838,0.0645,3.7977,29862815,0
0.0806,0.0649,3.8079,29881138,0
0.0822,0.0653,3.8215,29899411,0
0.0806,0.0648,3.8045,29917750,0
0.0741,0.0656,3.8045,29936090,0
0.0854,0.0646,3.8011,29954366,0
0.0822,0.0646,3.8079,29972643,0
0.0822,0.0648,3.8011,29990974,0
0.0822,0.0651,3.7977,30009302,0
0.0790,0.0656,3.8079,30027635,0
0.0773,0.0646,3.8011,30046700,0
0.0773,0.0656,3.8011,30071881,0
0.0822,0.0659,3.8011,30090216,0
0.0822,0.0648,3.8181,30108442,0
0.0790,0.0653,3.8113,30126684,0
0.0790,0.0653,3.8011,30149403,0
0.0838,0.0648,3.8113,30167633,0
0.0806,0.0649,3.8045,30185916,0
0.0790,0.0643,3.8045,30204149,0
0.0886,0.0688,3.8011,30222473,0
0.0822,0.0662,3.8011,30240700,0
0.0806,0.0656,3.8079,30258961,0
0.0822,0.0661,3.8079,30277237,0
0.0806,0.0661,3.8079,30295530,0
0.0773,0.0659,3.8079,30313813,0
0.0838,0.0654,3.8011,30332052,0
0.0822,0.0659,3.8079,30350333,0
0.0822,0.0662,3.8011,30368692,0
0.0838,0.0651,3.8045,30387027,0
0.0773,0.0703,3.8079,30405259,0
0.0854,0.0659,3.8079,30427198,0
0.0838,0.0651,3.8045,30445561,0
0.0870,0.0657,3.7977,30463868,0
0.0757,0.0657,3.8045,30482130,0
0.0806,0.0651,3.8045,30500436,0
0.0806,0.0651,3.8011,30520505,0
0.0838,0.0662,3.8045,30538764,0
0.1144,0.0677,3.7807,30557190,0
0.0773,0.0656,3.8011,30575407,0
0.0806,0.0656,3.8045,30597200,0
0.0773,0.0649,3.8079,30615525,0
0.0822,0.0648,3.8045,30633898,0
0.0806,0.0648,3.8181,30652131,0
0.0806,0.0653,3.8011,30670530,0
0.0822,0.0651,3.8011,30688805,0
0.0822,0.0654,3.8113,30707054,0
0.0790,0.0651,3.8113,30740534,0
0.0806,0.0685,3.8147,30760565,0
0.0822,0.0648,3.8011,30778832,0
0.0870,0.0649,3.8045,30797217,0
0.0822,0.0656,3.8113,30815502,0
0.0806,0.0659,3.8147,30833746,0
0.0822,0.0649,3.8045,30852030,0
0.0870,0.0657,3.8045,30870565,0
0.0757,0.0654,3.8045,30888841,0
0.0822,0.0653,3.8079,30907189,0
0.0822,0.0656,3.8045,30925399,0
0.0806,0.0659,3.8113,30943760,0
0.0790,0.0661,3.7977,30962050,0
0.0806,0.0654,3.7977,30980333,0
0.0773,0.0656,3.8011,30998620,0
0.0790,0.0648,3.8113,31020564,0
0.0854,0.0646,3.8011,31038940,0
0.0806,0.0648,3.7977,31057147,0
0.0806,0.0649,3.8045,31075382,0
0.0822,0.0651,3.8079,31093662,0
0.0757,0.0643,3.7943,31112043,0
0.0757,0.0645,3.8079,31130386,0
0.0773,0.0657,3.8147,31148607,0
0.2933,0.0601,3.8113,31166841,0
0.0822,0.0654,3.8113,31185120,0
0.0838,0.0648,3.8011,31203572,0
0.0806,0.0648,3.8079,31221799,0
0.0790,0.0643,3.7909,31240103,0
0.0822,0.0654,3.8079,31258437,0
0.0806,0.0651,3.8113,31276817,0
0.0822,0.0653,3.8011,31295029,0
0.3045,0.0375,3.8045,31317760,0
0.0806,0.0648,3.8011,31335950,0
0.0806,0.0654,3.8045,31354360,0
0.0870,0.0645,3.7977,31372557,0
0.0870,0.0654,3.8011,31390841,0
0.0870,0.0654,3.8079,31409175,0
0.0757,0.0645,3.8045,31427449,0
0.0773,0.0651,3.8045,31445724,0
0.0806,0.0645,3.7909,31464010,0
0.0790,0.0649,3.8045,31482352,0
0.0773,0.0654,3.8079,31500615,0
0.0854,0.0649,3.7943,31518861,0
0.0854,0.0653,3.7943,31537149,0
0.0790,0.0649,3.8079,31555488,0
0.0773,0.0645,3.8045,31573763,0
0.0274,-0.0002,3.8181,31592047,0
0.0242,-0.0003,3.8113,31608098,0
0.0322,-0.0003,3.8147,31626438,0
0.0242,-0.0005,3.8317,31644711,0
0.0258,-0.0006,3.8249,31662943,0
0.0226,-0.0002,3.8283,31681292,0
0.0322,-0.0003,3.8317,31699624,0
0.0306,-0.0003,3.8181,31717903,0
0.0306,-0.0002,3.8249,31736217,0
0.0258,0.0000,3.8351,31754501,0
0.0242,-0.0006,3.8317,31772821,0
0.0306,0.0000,3.8283,31791142,0
0.0274,0.0002,3.8249,31809359,0
0.0322,-0.0005,3.8283,31827643,0
0.0258,-0.0006,3.8317,31846020,0
0.0290,-0.0006,3.8317,31864352,0
0.0338,-0.0006,3.8215,31886242,0
0.0242,-0.0006,3.8249,31904579,0
0.0242,0.0000,3.8249,31922922,0
0.0306,-0.0002,3.8283,31941198,0
0.0306,0.0000,3.8351,31959533,0
0.0274,-0.0006,3.8113,31977845,0
0.0322,-0.0003,3.8249,31996138,0
0.0258,-0.0005,3.8487,32014528,0
0.0306,-0.0003,3.8351,32032820,0
0.0306,-0.0005,3.8351,32051091,0
0.0306,-0.0006,3.8385,32069417,0
0.0226,-0.0005,3.8317,32087788,0
0.0322,-0.0002,3.8249,32105993,0
0.0242,0.0000,3.8385,32124245,0
0.0258,-0.0003,3.8147,32142575,0
0.0290,-0.0006,3.8487,32165376,0
0.0290,0.0003,3.8385,32183606,0
0.0306,-0.0003,3.8249,32201921,0
0.0242,-0.0005,3.8351,32220212,0
0.0274,-0.0003,3.8317,32238545,0
0.0306,0.0000,3.8249,32256875,0
0.0274,-0.0002,3.8351,32275209,0
0.0322,-0.0003,3.8317,32293438,0
0.0290,-0.0008,3.8283,32311711,0
0.0306,-0.0002,3.8351,32330087,0
0.0258,-0.0005,3.8351,32348376,0
0.0258,-0.0003,3.8385,32374302,0
0.0258,-0.0003,3.8283,32392637,0
0.0258,-0.0006,3.8487,32410953,0
0.0274,0.0000,3.8249,32429289,0
0.0290,-0.0008,3.8317,32451223,0
0.0226,0.0000,3.8351,32469518,0
0.0226,-0.0005,3.8317,32487724,0
0.0274,-0.0005,3.8419,32506017,0
0.0290,-0.0003,3.8351,32524250,0
0.0242,-0.0002,3.8249,32542584,0
0.0274,-0.0006,3.8215,32560807,0
0.0354,-0.0002,3.8283,32579091,0
0.0322,-0.0006,3.8385,32597371,0
0.0274,-0.0002,3.8385,32615736,0
0.0306,-0.0002,3.8317,32633977,0
0.0306,0.0000,3.8317,32652246,0
0.0290,0.0000,3.8283,32670512,0
0.0306,-0.0005,3.8249,32688805,0
0.0274,0.0003,3.8317,32707143,0
0.0306,-0.0003,3.8283,32729846,0
0.0306,-0.0003,3.8419,32748261,0
0.0290,-0.0003,3.8283,32766542,0
0.0338,0.0000,3.8419,32784901,0
0.0290,0.0002,3.8521,32803238,0
0.0306,0.0002,3.8215,32821573,0
0.0274,0.0000,3.8317,32839783,0
0.0322,-0.0002,3.8385,32858150,0
0.0290,0.0000,3.8317,32876478,0
0.0274,-0.0003,3.8317,32896446,0
0.0322,-0.0002,3.8351,32914672,0
0.0306,-0.0002,3.8419,32933016,0
0.0306,-0.0002,3.8317,32951244,0
0.0306,-0.0005,3.8249,32971337,0
0.0322,-0.0006,3.8317,32989568,0
0.0258,-0.0003,3.8317,33022387,0
0.0338,-0.0003,3.8385,33040969,0
0.0290,0.0000,3.8351,33059441,0
0.0274,-0.0003,3.8419,33077941,0
0.0274,-0.0006,3.8351,33096474,0
0.0290,-0.0002,3.8351,33116889,0
0.0290,0.0002,3.8283,33135360,0
0.0258,0.0003,3.8215,33153871,0
0.0258,-0.0002,3.8215,33172390,0
0.0258,-0.0002,3.8181,33191013,0
0.0322,0.0002,3.8283,33209482,0
0.0274,-0.0005,3.8317,33227989,0
0.0274,-0.0003,3.8419,33246510,0
0.0274,-0.0002,3.8351,33266803,0
0.0274,-0.0002,3.8249,33285289,0
0.0290,-0.0005,3.8317,33303933,0
0.0306,-0.0002,3.8249,33319956,0
0.0274,-0.0008,3.8249,33340205,0
0.0290,-0.0002,3.8215,33358775,0
0.0274,-0.0003,3.8351,33377343,0
0.0290,-0.0003,3.8317,33395807,0
0.0258,-0.0002,3.8283,33417847,0
0.0274,-0.0003,3.8283,33436445,0
0.0274,-0.0010,3.8419,33455032,0
0.0290,-0.0003,3.8215,33473553,0
0.0258,-0.0005,3.8385,33493897,0
0.0258,-0.0005,3.8385,33512419,0
0.0274,-0.0002,3.8385,33532690,0
0.0290,0.0000,3.8317,33551226,0
0.0242,-0.0002,3.8351,33569837,0
0.0322,-0.0002,3.8351,33588366,0
0.0290,-0.0003,3.8215,33611466,0
0.0274,-0.0003,3.8351,33629977,0
0.0209,-0.0003,3.8317,33648403,0
0.0274,-0.0005,3.8351,33666914,0
0.0258,-0.0003,3.8215,33685534,0
0.0258,0.0000,3.8317,33704005,0
0.0242,-0.0003,3.8317,33722498,0
0.0274,-0.0005,3.8317,33741067,0
0.0258,-0.0002,3.8385,33759560,0
0.0258,-0.0003,3.8283,33778144,0
0.0274,-0.0003,3.8351,33796716,0
0.0274,-0.0003,3.8351,33815232,0
0.0306,-0.0005,3.8385,33833791,0
0.0274,-0.0003,3.8317,33852309,0
0.0226,-0.0002,3.8215,33870819,0
0.0322,0.0000,3.8317,33893047,0
0.0322,-0.0003,3.8249,33911550,0
0.0258,0.0002,3.8419,33930071,0
0.0322,-0.0003,3.8385,33948617,0
0.0242,-0.0002,3.8385,33967135,0
0.0226,-0.0003,3.8385,33985584,0
0.0242,-0.0006,3.8249,34004107,0
0.0258,-0.0005,3.8351,34022672,0
0.0322,-0.0002,3.8249,34041236,0
0.0226,-0.0002,3.8147,34059755,0
0.0258,-0.0002,3.8453,34078218,0
0.0274,-0.0006,3.8453,34096834,0
0.0242,0.0000,3.8385,34115349,0
0.0258,0.0000,3.8317,34133846,0
0.0306,-0.0003,3.8351,34152343,0
0.0290,0.0000,3.8317,34175383,0
0.0226,-0.0003,3.8283,34193928,0
0.0274,-0.0002,3.8317,34212474,0
0.0274,-0.0005,3.8385,34231002,0
0.0322,0.0002,3.8351,34249554,0
0.0258,-0.0002,3.8419,34268069,0
0.0242,-0.0003,3.8215,34286645,0
