33,25,23,524148[us],0
30,23,25,556406[us],0
31,21,15,571287[us],0
34,23,12,588078[us],0
34,21,48,603024[us],0
33,24,13,621497[us],0
31,21,12,638268[us],0
31,25,25,656701[us],0
33,23,13,671517[us],0
28,27,22,690019[us],0
30,22,18,708363[us],0
29,24,22,726827[us],0
33,23,18,741666[us],0
36,22,24,760149[us],0
30,24,20,776800[us],0
32,21,24,793473[us],0
35,21,23,810209[us],0
33,27,36,828690[us],0
34,25,35,845410[us],0
34,26,22,860391[us],0
31,26,12,875298[us],0
34,25,25,893835[us],0
34,24,32,912256[us],0
35,25,68,931517[us],0
34,23,37,946509[us],0
34,25,76,965209[us],0
34,25,86,983662[us],0
28,23,79,1002027[us],0
30,24,74,1018683[us],0
33,23,25,1037398[us],0
31,25,79,1052362[us],0
35,25,73,1069082[us],0
31,23,79,1084002[us],0
29,23,52,1102795[us],0
33,25,78,1117837[us],0
30,23,50,1136355[us],0
32,24,54,1152995[us],0
30,20,15,1171756[us],0
34,22,49,1186727[us],0
27,22,17,1205161[us],0
33,26,47,1220114[us],0
32,21,25,1238720[us],0
31,21,25,1255426[us],0
29,23,27,1273925[us],0
31,24,37,1296145[us],0
32,25,42,1311146[us],0
31,23,38,1329623[us],0
35,25,35,1344586[us],0
30,22,37,1363054[us],0
32,24,37,1378043[us],0
34,23,38,1396543[us],0
30,23,32,1411558[us],0
30,23,38,1430095[us],0
32,23,35,1445071[us],0
31,21,31,1461798[us],0
30,22,36,1478434[us],0
33,24,36,1495233[us],0
29,22,20,1510093[us],0
31,20,14,1524902[us],0
32,24,25,1539806[us],0
32,22,13,1554732[us],0
35,20,49,1569615[us],0
31,26,81,1584450[us],0
33,25,80,1599245[us],0
33,25,54,1614162[us],0
30,25,34,1629009[us],0
31,25,74,1648202[us],0
31,24,33,1663056[us],0
34,26,34,1677981[us],0
32,22,19,1692851[us],0
32,23,27,1707678[us],0
32,21,28,1722528[us],0
32,24,18,1737509[us],0
33,23,59,1752394[us],0
34,22,81,1767162[us],0
31,25,82,1782020[us],0
32,24,80,1800387[us],0
31,26,78,1815303[us],0
35,22,37,1830138[us],0
33,25,36,1845005[us],0
32,20,39,1863418[us],0
33,22,34,1878283[us],0
29,23,20,1893172[us],0
31,25,20,1907973[us],0
32,24,28,1922847[us],0
29,23,16,1937698[us],0
35,24,54,1952516[us],0
34,25,29,1972761[us],0
33,23,18,1987611[us],0
34,21,53,2002473[us],0
32,26,79,2017321[us],0
29,25,78,2032115[us],0
35,24,40,2046934[us],0
33,24,34,2061768[us],0
34,23,20,2076712[us],0
30,23,11,2091544[us],0
32,24,27,2106390[us],0
31,20,9,2121201[us],0
31,22,48,2136106[us],0
31,24,80,2151037[us],0
36,22,80,2165887[us],0
34,25,65,2180745[us],0
34,23,40,2195536[us],0
35,22,25,2210493[us],0
32,23,21,2225359[us],0
33,23,25,2240168[us],0
30,24,26,2254968[us],0
34,24,40,2269776[us],0
31,25,26,2289024[us],0
32,23,26,2303905[us],0
33,23,70,2318768[us],0
32,26,81,2333639[us],0
34,26,80,2348501[us],0
34,23,38,2363371[us],0
34,26,36,2378189[us],0
33,21,23,2393196[us],0
33,24,14,2408050[us],0
32,22,26,2422924[us],0
32,24,37,2445351[us],0
33,26,23,2460174[us],0
32,22,18,2474983[us],0
29,26,24,2493267[us],0
31,20,13,2508089[us],0
35,21,15,2524643[us],0
33,24,28,2539560[us],0
32,24,26,2556173[us],0
32,24,15,2571079[us],0
31,24,28,2589532[us],0
34,22,13,2604391[us],0
31,22,47,2619209[us],0
34,24,27,2639513[us],0
32,21,11,2654367[us],0
32,21,12,2671059[us],0
35,22,55,2685987[us],0
37,22,52,2702619[us],0
32,23,81,2717477[us],0
32,24,84,2734178[us],0
34,23,81,2750823[us],0
30,23,80,2767583[us],0
30,26,86,2782480[us],0
32,21,87,2799300[us],0
36,27,80,2817634[us],0
33,22,43,2836157[us],0
31,24,80,2851071[us],0
32,24,47,2869375[us],0
32,22,82,2884367[us],0
29,21,39,2902878[us],0
30,21,42,2919468[us],0
30,25,41,2936115[us],0
30,21,83,2950979[us],0
33,23,41,2969457[us],0
34,25,27,2988705[us],0
29,22,24,3005251[us],0
32,22,23,3020209[us],0
32,24,28,3038831[us],0
33,22,17,3053670[us],0
32,24,54,3068590[us],0
33,21,82,3083402[us],0
34,23,53,3102162[us],0
31,21,54,3118800[us],0
32,20,80,3133827[us],0
31,25,77,3148737[us],0
31,24,80,3167347[us],0
32,25,84,3182259[us],0
31,25,69,3197158[us],0
36,22,39,3211981[us],0
33,27,70,3230556[us],0
33,21,35,3245477[us],0
27,21,41,3260325[us],0
32,21,21,3275193[us],0
31,24,38,3293749[us],0
34,23,25,3308733[us],0
33,23,22,3341588[us],0
35,23,22,3358871[us],0
33,23,41,3379698[us],0
32,24,68,3397044[us],0
33,25,75,3418024[us],0
33,23,55,3435379[us],0
33,23,25,3454493[us],0
31,20,26,3471812[us],0
31,21,16,3491048[us],0
33,23,22,3508363[us],0
32,22,26,3525643[us],0
30,25,20,3542957[us],0
33,25,37,3560255[us],0
34,24,33,3577568[us],0
31,24,35,3594855[us],0
33,24,38,3612119[us],0
30,26,41,3629485[us],0
32,24,61,3646769[us],0
30,27,73,3664046[us],0
33,22,85,3681406[us],0
33,26,89,3698803[us],0
31,25,86,3716121[us],0
33,24,28,3737831[us],0
31,23,26,3755150[us],0
31,24,17,3774177[us],0
31,23,23,3791505[us],0
31,23,23,3808772[us],0
30,22,22,3826090[us],0
32,24,40,3843446[us],0
33,24,36,3860827[us],0
31,23,34,3878083[us],0
29,22,40,3895410[us],0
29,23,37,3912733[us],0
35,23,68,3930104[us],0
32,23,75,3947414[us],0
32,24,87,3964678[us],0
36,23,90,3982032[us],0
34,27,85,3999359[us],0
30,23,83,4016674[us],0
33,24,80,4033918[us],0
32,22,70,4051267[us],0
34,21,49,4068552[us],0
35,25,36,4085882[us],0
34,22,25,4106843[us],0
31,25,11,4124172[us],0
31,22,27,4141501[us],0
32,22,20,4158867[us],0
33,24,26,4176129[us],0
30,23,37,4193476[us],0
32,24,31,4210752[us],0
31,24,36,4228008[us],0
31,24,38,4245355[us],0
31,24,40,4262668[us],0
33,23,69,4280004[us],0
32,25,80,4297318[us],0
32,20,83,4314582[us],0
31,24,87,4331890[us],0
30,24,80,4349167[us],0
33,23,80,4366489[us],0
31,25,83,4383813[us],0
33,21,62,4401189[us],0
30,23,52,4418457[us],0
31,22,40,4435715[us],0
31,20,22,4452968[us],0
30,23,17,4474724[us],0
34,25,22,4491956[us],0
31,23,23,4509252[us],0
38,24,35,4526638[us],0
32,22,36,4544004[us],0
32,23,38,4561317[us],0
31,22,24,4586197[us],0
30,22,14,4603542[us],0
32,21,30,4620823[us],0
33,23,22,4641630[us],0
31,25,22,4658942[us],0
33,21,37,4678166[us],0
32,26,36,4695513[us],0
32,23,80,4716332[us],0
34,23,82,4733551[us],0
31,22,25,4754623[us],0
33,21,25,4771894[us],0
28,24,45,4792899[us],0
30,23,33,4810139[us],0
31,24,80,4831315[us],0
34,27,87,4848653[us],0
31,26,17,4869678[us],0
30,24,36,4894317[us],0
29,25,35,4911544[us],0
31,22,80,4932670[us],0
32,21,79,4949899[us],0
30,24,26,4970981[us],0
31,24,24,4988204[us],0
26,25,40,5009325[us],0
31,22,36,5028245[us],0
30,26,76,5049336[us],0
33,24,78,5066666[us],0
30,22,25,5085891[us],0
30,22,15,5103181[us],0
27,22,21,5124244[us],0
32,24,31,5143304[us],0
31,25,83,5164363[us],0
33,24,88,5181654[us],0
32,22,16,5202749[us],0
27,20,10,5220030[us],0
34,21,24,5239220[us],0
31,21,22,5256469[us],0
32,22,35,5277658[us],0
30,21,79,5299387[us],0
30,24,21,5320256[us],0
34,23,26,5337556[us],0
33,22,20,5358820[us],0
33,21,42,5376049[us],0
30,23,37,5395134[us],0
34,25,38,5412432[us],0
29,24,79,5433635[us],0
34,20,47,5450949[us],0
31,23,25,5471940[us],0
33,24,25,5489208[us],0
32,23,36,5510414[us],0
35,27,39,5527765[us],0
34,26,82,5548819[us],0
32,24,80,5566091[us],0
31,22,26,5587205[us],0
28,23,24,5604544[us],0
30,24,27,5625643[us],0
34,23,37,5642969[us],0
35,24,82,5664052[us],0
33,26,91,5681402[us],0
33,24,25,5706130[us],0
32,22,36,5727227[us],0
32,23,40,5744497[us],0
30,25,79,5765580[us],0
30,22,80,5782968[us],0
32,22,30,5804074[us],0
32,22,28,5821355[us],0
31,21,24,5838684[us],0
36,23,25,5856010[us],0
31,25,22,5875129[us],0
32,22,44,5892413[us],0
33,23,35,5909689[us],0
33,23,35,5926963[us],0
34,25,79,5947800[us],0
32,24,84,5965074[us],0
33,24,82,5982351[us],0
31,23,80,5999630[us],0
33,25,76,6017130[us],0
29,22,56,6034413[us],0
30,23,41,6051731[us],0
31,21,27,6068992[us],0
30,25,14,6086390[us],0
32,23,20,6108160[us],0
32,22,27,6125540[us],0
32,27,33,6142803[us],0
32,24,78,6163646[us],0
34,23,83,6180989[us],0
30,25,86,6198313[us],0
33,24,84,6215626[us],0
32,23,45,6234784[us],0
31,25,33,6252103[us],0
31,22,17,6269418[us],0
33,24,26,6286716[us],0
34,23,27,6305693[us],0
32,24,15,6322969[us],0
32,21,23,6340296[us],0
36,26,22,6357571[us],0
33,23,34,6376759[us],0
32,27,36,6394054[us],0
30,22,39,6411378[us],0
35,24,38,6428651[us],0
31,22,79,6449531[us],0
33,23,78,6466800[us],0
32,23,83,6498536[us],0
31,21,79,6515804[us],0
29,23,81,6533072[us],0
32,26,78,6550348[us],0
31,23,55,6567796[us],0
34,23,36,6585072[us],0
30,24,19,6602391[us],0
32,23,21,6619670[us],0
30,22,31,6637115[us],0
29,25,24,6654394[us],0
30,25,26,6671717[us],0
33,24,30,6688993[us],0
33,26,9,6706329[us],0
33,25,24,6723647[us],0
33,23,25,6740977[us],0
36,26,28,6758251[us],0
32,22,41,6775626[us],0
33,22,34,6792954[us],0
31,21,36,6810336[us],0
31,24,40,6827599[us],0
34,22,37,6844962[us],0
32,23,76,6866886[us],0
31,26,53,6884166[us],0
31,24,35,6909099[us],0
31,22,35,6926386[us],0
33,22,35,6943654[us],0
31,26,38,6961110[us],0
31,27,39,6978394[us],0
32,24,72,6995729[us],0
31,25,79,7013018[us],0
32,25,82,7030315[us],0
30,23,88,7047611[us],0
33,22,57,7066898[us],0
31,22,56,7084223[us],0
29,24,30,7101686[us],0
31,21,18,7118964[us],0
32,24,17,7139960[us],0
31,19,23,7157432[us],0
30,23,38,7176579[us],0
31,23,34,7193971[us],0
34,23,82,7214953[us],0
33,25,75,7232333[us],0
31,22,27,7253209[us],0
31,23,39,7277819[us],0
33,21,53,7295181[us],0
33,21,82,7316094[us],0
31,23,29,7335154[us],0
34,23,29,7354340[us],0
33,23,26,7371729[us],0
31,26,35,7392673[us],0
32,23,81,7413532[us],0
31,24,45,7434450[us],0
31,25,25,7451812[us],0
32,20,17,7469197[us],0
32,22,29,7486751[us],0
31,19,13,7506028[us],0
33,25,20,7523371[us],0
33,23,33,7542587[us],0
30,23,36,7559847[us],0
33,24,87,7580857[us],0
31,23,75,7599890[us],0
31,22,50,7617135[us],0
31,24,41,7634386[us],0
35,24,24,7655481[us],0
32,23,37,7677181[us],0
29,26,40,7694528[us],0
34,23,63,7711873[us],0
29,22,79,7732977[us],0
32,21,17,7752048[us],0
30,24,22,7771178[us],0
31,24,31,7788523[us],0
31,21,34,7809559[us],0
31,23,38,7827016[us],0
32,22,80,7847945[us],0
32,24,80,7865272[us],0
33,25,27,7886398[us],0
32,25,26,7903881[us],0
33,25,22,7924653[us],0
32,25,37,7942004[us],0
29,25,79,7963106[us],0
36,24,84,7982340[us],0
34,25,77,7999721[us],0
30,26,49,8017038[us],0
31,23,26,8038082[us],0
31,24,18,8055460[us],0
32,23,38,8076516[us],0
32,24,88,8097508[us],0
31,24,81,8114851[us],0
32,24,80,8132089[us],0
31,23,80,8149410[us],0
31,24,51,8166713[us],0
30,22,40,8184048[us],0
31,22,30,8201272[us],0
28,22,20,8218532[us],0
33,25,26,8235865[us],0
32,19,25,8253190[us],0
32,22,28,8270469[us],0
33,23,28,8287737[us],0
33,21,29,8305075[us],0
29,24,15,8322395[us],0
31,21,19,8339686[us],0
31,22,24,8357005[us],0
31,21,23,8374325[us],0
32,24,33,8391661[us],0
32,23,37,8408958[us],0
32,22,35,8426340[us],0
32,21,40,8443611[us],0
32,24,80,8465410[us],0
29,23,77,8482662[us],0
31,22,56,8500003[us],0
33,19,26,8519044[us],0
30,25,26,8536432[us],0
34,24,30,8553739[us],0
31,22,26,8571008[us],0
31,24,25,8588302[us],0
31,25,15,8605631[us],0
30,25,21,8622946[us],0
31,26,24,8640212[us],0
29,24,27,8657518[us],0
32,23,35,8674804[us],0
32,22,32,8692184[us],0
32,24,37,8709505[us],0
32,20,38,8726796[us],0
31,22,37,8744115[us],0
34,23,63,8761379[us],0
30,24,73,8778666[us],0
31,25,81,8796004[us],0
35,23,90,8813235[us],0
33,22,32,8834146[us],0
31,22,17,8851489[us],0
32,20,27,8868827[us],0
28,20,29,8886109[us],0
33,23,26,8903367[us],0
33,24,24,8920764[us],0
32,24,25,8938086[us],0
33,24,14,8955309[us],0
32,22,25,8972576[us],0
31,23,26,8989857[us],0
31,25,22,9007191[us],0
32,25,42,9024465[us],0
33,22,34,9041792[us],0
31,25,35,9059114[us],0
32,23,37,9076481[us],0
31,25,39,9093763[us],0
29,25,61,9111028[us],0
33,24,75,9128325[us],0
34,23,80,9145638[us],0
36,23,85,9163000[us],0
36,26,82,9181046[us],0
33,26,37,9209721[us],0
32,24,42,9226948[us],0
33,23,80,9247791[us],0
33,24,77,9265170[us],0
32,22,29,9286169[us],0
36,23,29,9303477[us],0
32,25,37,9324387[us],0
34,27,37,9341614[us],0
35,23,81,9362692[us],0
28,25,88,9379910[us],0
32,25,24,9400871[us],0
31,21,15,9418093[us],0
29,24,22,9439173[us],0
27,22,22,9456519[us],0
31,21,63,9477571[us],0
32,25,73,9494881[us],0
34,22,57,9515995[us],0
31,26,42,9533390[us],0
31,25,27,9554451[us],0
29,22,20,9573559[us],0
31,23,74,9594656[us],0
31,21,84,9611933[us],0
30,24,22,9651050[us],0
31,21,25,9668318[us],0
31,21,25,9689244[us],0
30,24,23,9706540[us],0
32,21,68,9727591[us],0
35,25,73,9744879[us],0
32,23,54,9765926[us],0
29,22,41,9783273[us],0
31,22,24,9804382[us],0
32,23,13,9821619[us],0
29,23,39,9840870[us],0
32,23,36,9858099[us],0
31,24,82,9879240[us],0
32,26,83,9896525[us],0
29,23,81,9914059[us],0
33,20,78,9931406[us],0
29,24,30,9952595[us],0
35,22,27,9969886[us],0
34,24,35,9990812[us],0
32,22,36,10008101[us],0
32,23,82,10029148[us],0
31,21,17,10050977[us],0
30,22,24,10072134[us],0
29,23,22,10089367[us],0
31,24,63,10110603[us],0
34,23,73,10127898[us],0
33,23,58,10148871[us],0
30,23,49,10166156[us],0
29,23,27,10187271[us],0
30,23,12,10204686[us],0
31,25,37,10225623[us],0
33,23,39,10242943[us],0
32,24,80,10264054[us],0
31,22,82,10281386[us],0
30,22,25,10302513[us],0
32,21,25,10319820[us],0
30,25,35,10340977[us],0
33,22,38,10358286[us],0
30,24,89,10379454[us],0
30,23,83,10396744[us],0
33,22,26,10417933[us],0
32,25,24,10438804[us],0
30,21,26,10456132[us],0
31,24,40,10475205[us],0
32,26,35,10492481[us],0
32,21,43,10509752[us],0
33,25,64,10527034[us],0
34,26,84,10547843[us],0
35,24,54,10565133[us],0
30,26,47,10582544[us],0
35,24,32,10599829[us],0
29,23,15,10617189[us],0
33,24,25,10634473[us],0
33,23,28,10651847[us],0
34,22,30,10669121[us],0
32,24,28,10686544[us],0
33,24,23,10703878[us],0
33,22,18,10721201[us],0
31,23,24,10738432[us],0
31,22,33,10757436[us],0
31,24,33,10774764[us],0
30,23,37,10792121[us],0
34,21,83,10813913[us],0
31,22,36,10832969[us],0
31,25,20,10850363[us],0
31,22,24,10867693[us],0
31,24,29,10884976[us],0
30,20,20,10905783[us],0
32,22,26,10923087[us],0
28,21,34,10940489[us],0
32,22,37,10957834[us],0
32,23,83,10978551[us],0
33,22,85,10995898[us],0
33,24,80,11013231[us],0
31,24,83,11030552[us],0
29,28,76,11047985[us],0
30,24,53,11065268[us],0
32,22,45,11082599[us],0
33,24,23,11099967[us],0
34,22,20,11117305[us],0
33,23,26,11134649[us],0
35,24,29,11151997[us],0
31,24,24,11172988[us],0
38,26,39,11190272[us],0
32,25,33,11207602[us],0
32,23,39,11224929[us],0
35,24,37,11242359[us],0
28,22,39,11259638[us],0
31,27,69,11276918[us],0
33,24,78,11294149[us],0
32,26,84,11311521[us],0
35,24,84,11328859[us],0
30,21,81,11346196[us],0
31,22,79,11363477[us],0
32,23,80,11380812[us],0
32,24,49,11398146[us],0
30,22,46,11415532[us],0
33,20,34,11432808[us],0
29,25,18,11450166[us],0
37,25,28,11467521[us],0
30,23,27,11484953[us],0
34,23,24,11503064[us],0
34,25,78,11527257[us],0
29,25,41,11548965[us],0
32,22,26,11566319[us],0
32,22,19,11583674[us],0
31,24,29,11602698[us],0
30,22,30,11619992[us],0
35,25,16,11637383[us],0
35,21,26,11654678[us],0
35,23,32,11673895[us],0
31,24,36,11691276[us],0
30,23,87,11712168[us],0
41,22,82,11729446[us],0
33,21,23,11750413[us],0
34,21,28,11767824[us],0
31,24,20,11788576[us],0
31,21,22,11805886[us],0
34,25,74,11826929[us],0
35,24,81,11844268[us],0
33,23,82,11863466[us],0
33,23,77,11880874[us],0
31,26,26,11901869[us],0
33,24,65,11926536[us],0
32,27,79,11943839[us],0
33,24,56,11964804[us],0
30,23,45,11982132[us],0
30,24,30,12001204[us],0
31,22,29,12018618[us],0
30,25,50,12039524[us],0
32,24,37,12058686[us],0
30,25,56,12076065[us],0
31,25,76,12093402[us],0
34,22,53,12114432[us],0
29,21,48,12131843[us],0
30,22,29,12149145[us],0
33,21,18,12166436[us],0
33,23,17,12187422[us],0
31,21,19,12204770[us],0
32,21,34,12223897[us],0
33,21,39,12241236[us],0
34,25,82,12262359[us],0
35,24,80,12279737[us],0
28,22,78,12297094[us],0
30,21,27,12318824[us],0
35,22,36,12339867[us],0
33,22,79,12360607[us],0
32,24,81,12379614[us],0
31,23,82,12396871[us],0
35,23,30,12417818[us],0
34,21,23,12435160[us],0
34,27,48,12455932[us],0
33,24,32,12473168[us],0
30,27,76,12494110[us],0
33,23,80,12513156[us],0
32,23,29,12533941[us],0
31,23,26,12551244[us],0
32,24,22,12572178[us],0
31,22,40,12589436[us],0
36,26,35,12606905[us],0
34,22,35,12624142[us],0
30,24,88,12645152[us],0
35,25,80,12662445[us],0
35,26,73,12680012[us],0
35,26,81,12712661[us],0
32,21,54,12730985[us],0
32,22,20,12749398[us],0
29,23,27,12767595[us],0
32,23,29,12785944[us],0
31,21,20,12804224[us],0
31,26,50,12822491[us],0
34,23,35,12840801[us],0
33,28,49,12859161[us],0
30,24,80,12877390[us],0
30,27,84,12895725[us],0
31,26,53,12914047[us],0
30,23,27,12932378[us],0
30,24,21,12950652[us],0
29,22,29,12968977[us],0
32,20,24,12987245[us],0
29,24,29,13005591[us],0
29,22,34,13023815[us],0
34,23,38,13042205[us],0
31,26,82,13060465[us],0
32,24,83,13078854[us],0
32,21,28,13101492[us],0
33,27,24,13118626[us],0
25,24,26,13135714[us],0
30,23,18,13152843[us],0
30,24,15,13169977[us],0
33,21,21,13187056[us],0
31,16,21,13204135[us],0
35,24,20,13221259[us],0
33,22,25,13238340[us],0
31,23,25,13255465[us],0
34,21,40,13272548[us],0
34,25,33,13289619[us],0
34,20,35,13306733[us],0
34,24,36,13323808[us],0
36,24,40,13340893[us],0
35,24,39,13358013[us],0
37,22,41,13375091[us],0
31,25,57,13392268[us],0
33,24,70,13409355[us],0
34,23,73,13426477[us],0
31,23,52,13447237[us],0
30,22,46,13464315[us],0
29,22,44,13481473[us],0
31,21,33,13498550[us],0
30,19,23,13515677[us],0
31,22,16,13532816[us],0
29,23,29,13549938[us],0
31,21,30,13567035[us],0
30,22,26,13584113[us],0
30,22,27,13601198[us],0
29,25,29,13618383[us],0
30,24,28,13635505[us],0
27,22,25,13652571[us],0
32,23,12,13669635[us],0
25,22,21,13686769[us],0
30,22,19,13703792[us],0
31,25,24,13720921[us],0
34,23,26,13738020[us],0
30,20,27,13755142[us],0
33,23,39,13772309[us],0
36,20,35,13790192[us],0
32,25,28,13818544[us],0
29,25,29,13835654[us],0
33,25,18,13852749[us],0
31,25,17,13869845[us],0
33,27,20,13886941[us],0
31,24,24,13903967[us],0
31,23,18,13921039[us],0
32,23,25,13938054[us],0
34,26,23,13955192[us],0
35,23,42,13972221[us],0
33,26,36,13989384[us],0
33,20,35,14006515[us],0
33,26,39,14023639[us],0
33,25,37,14040779[us],0
33,24,39,14057885[us],0
33,23,38,14074908[us],0
34,24,77,14093811[us],0
32,26,85,14110944[us],0
32,22,83,14128142[us],0
30,26,82,14145164[us],0
29,22,13,14165830[us],0
29,24,27,14183010[us],0
31,23,28,14200074[us],0
35,21,28,14217098[us],0
33,22,24,14237705[us],0
29,23,22,14254784[us],0
31,23,49,14271940[us],0
31,24,37,14289019[us],0
33,23,78,14309780[us],0
38,23,82,14326908[us],0
31,24,54,14347551[us],0
33,22,43,14364633[us],0
35,21,25,14385260[us],0
31,24,25,14402387[us],0
33,24,14,14419472[us],0
30,20,21,14436607[us],0
32,22,37,14457256[us],0
31,25,37,14474333[us],0
33,25,42,14491379[us],0
34,24,49,14508516[us],0
32,24,80,14529193[us],0
33,22,15,14552586[us],0
31,23,19,14569662[us],0
30,25,44,14588689[us],0
33,25,29,14605772[us],0
32,22,35,14622924[us],0
33,21,36,14640000[us],0
32,23,35,14657211[us],0
33,22,38,14674261[us],0
28,25,39,14691485[us],0
31,25,55,14708568[us],0
32,23,72,14725741[us],0
36,26,75,14742871[us],0
31,24,80,14759969[us],0
35,24,77,14777052[us],0
35,25,80,14796028[us],0
32,22,76,14813052[us],0
34,23,51,14830189[us],0
33,22,56,14847260[us],0
32,25,39,14864442[us],0
31,24,30,14881576[us],0
34,23,16,14902301[us],0
33,23,15,14919426[us],0
31,21,22,14936717[us],0
31,23,24,14953788[us],0
29,24,22,14970926[us],0
31,27,21,14988048[us],0
32,27,43,15005137[us],0
31,27,30,15022211[us],0
30,25,33,15039296[us],0
32,22,34,15056477[us],0
30,22,36,15073560[us],0
31,21,41,15090678[us],0
33,23,42,15107753[us],0
32,23,41,15124883[us],0
31,23,62,15141977[us],0
29,23,72,15159172[us],0
31,24,82,15176196[us],0
32,25,79,15193321[us],0
33,23,85,15210476[us],0
30,24,85,15227543[us],0
34,25,83,15244617[us],0
31,24,26,15266204[us],0
32,20,29,15283278[us],0
34,24,27,15300402[us],0
32,19,26,15317473[us],0
33,21,25,15334603[us],0
31,21,29,15351729[us],0
30,22,17,15368855[us],0
30,22,12,15385936[us],0
33,18,22,15403079[us],0
31,22,20,15420099[us],0
29,20,21,15437277[us],0
32,23,25,15454351[us],0
32,24,31,15471481[us],0
31,24,38,15488501[us],0
35,27,34,15505744[us],0
32,23,36,15522822[us],0
31,24,37,15539968[us],0
35,21,37,15557036[us],0
34,23,37,15574158[us],0
30,23,37,15591286[us],0
32,23,35,15622725[us],0
32,26,33,15639813[us],0
32,21,39,15656992[us],0
34,22,36,15674082[us],0
34,22,40,15691212[us],0
33,24,56,15708287[us],0
32,24,70,15725500[us],0
27,28,77,15742580[us],0
32,25,79,15759709[us],0
33,25,82,15776787[us],0
31,21,89,15793913[us],0
32,26,82,15811050[us],0
33,24,82,15828171[us],0
31,23,81,15845251[us],0
29,21,80,15862375[us],0
29,22,76,15879517[us],0
29,25,52,15896649[us],0
32,23,53,15913731[us],0
30,23,42,15930888[us],0
31,22,26,15948081[us],0
31,26,19,15965259[us],0
33,25,76,15994410[us],0
32,22,78,16011481[us],0
30,21,78,16028571[us],0
31,22,87,16045605[us],0
31,22,76,16062678[us],0
35,23,57,16079764[us],0
32,22,49,16096836[us],0
31,24,41,16113965[us],0
30,20,39,16131004[us],0
31,26,26,16148154[us],0
30,23,15,16165238[us],0
34,24,23,16182271[us],0
32,23,27,16199349[us],0
30,23,31,16216402[us],0
34,23,23,16233554[us],0
32,22,25,16250590[us],0
34,22,28,16267672[us],0
30,25,26,16284759[us],0
34,23,25,16301845[us],0
32,21,11,16318991[us],0
33,26,35,16339662[us],0
35,22,37,16356826[us],0
33,21,41,16373916[us],0
31,21,38,16391063[us],0
34,23,56,16408094[us],0
28,24,69,16425169[us],0
35,25,76,16442292[us],0
37,24,78,16459508[us],0
33,23,80,16476531[us],0
32,24,85,16493765[us],0
33,27,81,16510788[us],0
31,23,82,16527969[us],0
34,24,79,16545068[us],0
32,22,77,16562228[us],0
34,22,78,16579272[us],0
29,21,53,16596414[us],0
32,24,55,16613560[us],0
34,24,25,16632414[us],0
30,23,26,16651241[us],0
32,24,27,16668398[us],0
30,22,14,16685536[us],0
28,23,41,16707131[us],0
34,25,39,16724252[us],0
35,25,63,16741379[us],0
31,25,85,16760248[us],0
33,25,89,16777322[us],0
33,25,78,16794359[us],0
33,23,81,16811481[us],0
30,25,80,16828615[us],0
33,22,79,16845702[us],0
29,24,59,16862831[us],0
31,22,54,16879918[us],0
30,21,48,16897032[us],0
29,25,34,16914129[us],0
32,22,26,16931227[us],0
32,23,18,16948302[us],0
35,24,29,16965432[us],0
28,22,30,16982513[us],0
33,22,25,16999686[us],0
35,21,27,17016820[us],0
32,21,29,17033968[us],0
30,24,43,17054591[us],0
30,23,36,17071816[us],0
34,21,34,17088898[us],0
30,23,36,17106036[us],0
33,26,40,17123117[us],0
31,26,38,17140244[us],0
31,23,37,17157333[us],0
29,23,52,17174460[us],0
29,22,65,17191544[us],0
34,25,78,17208682[us],0
34,21,80,17225820[us],0
32,23,81,17242940[us],0
35,25,86,17260032[us],0
34,22,85,17277150[us],0
28,23,78,17294236[us],0
29,28,82,17311374[us],0
30,24,81,17328461[us],0
30,23,77,17345536[us],0
34,23,76,17362610[us],0
31,24,56,17379795[us],0
33,22,44,17396878[us],0
30,22,17,17418359[us],0
32,25,16,17435446[us],0
29,23,20,17452631[us],0
31,23,23,17469709[us],0
30,26,20,17486898[us],0
29,21,26,17504014[us],0
33,21,40,17521189[us],0
33,26,35,17538260[us],0
33,23,35,17555301[us],0
29,21,37,17572387[us],0
30,24,36,17589461[us],0
31,24,37,17606548[us],0
35,25,38,17623682[us],0
32,25,42,17640803[us],0
32,22,64,17657877[us],0
29,21,73,17675063[us],0
31,25,77,17692133[us],0
32,23,79,17709255[us],0
31,25,84,17726333[us],0
31,25,85,17743371[us],0
31,20,30,17764169[us],0
33,22,20,17781337[us],0
34,19,28,17798418[us],0
30,22,26,17815504[us],0
33,23,30,17832655[us],0
33,23,28,17849780[us],0
33,25,23,17866913[us],0
31,25,27,17883993[us],0
29,21,29,17901067[us],0
33,24,16,17918229[us],0
31,24,18,17935313[us],0
31,25,26,17952448[us],0
28,22,21,17969571[us],0
34,23,21,17986782[us],0
31,23,25,18003861[us],0
33,23,46,18020927[us],0
32,23,33,18038004[us],0
31,23,37,18055138[us],0
32,23,36,18072278[us],0
27,21,38,18089410[us],0
30,25,39,18106449[us],0
33,22,77,18128083[us],0
31,25,79,18145193[us],0
31,23,25,18169988[us],0
31,23,22,18187091[us],0
34,19,43,18204206[us],0
34,24,31,18221313[us],0
32,22,33,18238398[us],0
32,24,36,18255489[us],0
31,21,35,18272567[us],0
34,25,42,18289706[us],0
32,23,38,18306725[us],0
30,24,40,18323883[us],0
30,23,61,18340914[us],0
41,24,77,18358056[us],0
34,25,79,18375084[us],0
33,27,81,18392205[us],0
32,25,80,18409355[us],0
32,21,78,18428241[us],0
33,25,81,18445319[us],0
32,23,51,18462540[us],0
31,23,77,18493883[us],0
31,23,82,18510914[us],0
35,22,39,18529858[us],0
32,26,32,18547040[us],0
33,22,26,18565804[us],0
35,23,31,18582830[us],0
32,21,12,18601654[us],0
33,25,20,18618745[us],0
31,22,23,18635962[us],0
37,23,21,18653049[us],0
35,25,32,18672000[us],0
31,25,37,18689138[us],0
33,22,73,18708002[us],0
32,23,81,18725082[us],0
31,24,55,18745669[us],0
30,23,54,18762812[us],0
32,25,27,18783279[us],0
32,24,23,18800469[us],0
33,26,32,18821170[us],0
31,24,31,18838220[us],0
35,23,32,18855308[us],0
31,26,24,18870179[us],0
34,25,39,18889110[us],0
33,25,38,18906276[us],0
31,18,40,18923351[us],0
33,25,49,18940435[us],0
34,23,87,18959414[us],0
32,23,84,18976552[us],0
33,22,79,18993702[us],0
32,23,80,19010796[us],0
32,21,26,19031531[us],0
32,23,29,19048690[us],0
32,23,25,19065772[us],0
32,21,36,19082800[us],0
33,23,28,19099905[us],0
34,24,28,19117156[us],0
34,25,20,19134264[us],0
32,24,14,19151391[us],0
29,20,29,19170278[us],0
32,22,32,19187414[us],0
32,22,31,19204516[us],0
28,22,78,19228011[us],0
33,24,79,19245087[us],0
35,24,49,19262248[us],0
32,27,49,19279340[us],0
29,24,33,19296591[us],0
29,25,24,19313619[us],0
30,19,20,19330692[us],0
31,23,25,19347874[us],0
32,20,26,19364843[us],0
30,23,30,19381956[us],0
30,25,25,19399079[us],0
31,23,28,19416209[us],0
33,22,26,19433363[us],0
32,23,25,19450446[us],0
33,23,15,19467573[us],0
34,23,15,19484658[us],0
30,23,21,19501842[us],0
31,21,23,19518918[us],0
29,23,22,19536012[us],0
28,24,21,19553091[us],0
32,22,68,19573823[us],0
31,25,74,19590989[us],0
33,21,78,19608076[us],0
35,25,78,19625197[us],0
31,23,83,19642339[us],0
33,23,84,19659511[us],0
34,23,83,19676542[us],0
29,24,76,19693659[us],0
32,22,81,19710800[us],0
33,22,82,19727924[us],0
30,25,73,19744953[us],0
32,22,51,19762043[us],0
29,20,47,19779150[us],0
31,23,28,19796340[us],0
41,24,21,19813431[us],0
31,20,9,19830552[us],0
32,20,23,19847629[us],0
33,23,30,19864772[us],0
28,22,29,19881855[us],0
30,17,29,19898980[us],0
31,23,27,19916071[us],0
31,25,37,19937552[us],0
32,26,36,19954678[us],0
37,20,42,19971820[us],0
34,25,39,19988902[us],0
34,24,40,20006035[us],0
33,24,40,20023166[us],0
34,23,71,20040305[us],0
35,26,79,20057387[us],0
34,24,82,20074519[us],0
34,25,86,20091594[us],0
33,24,87,20108776[us],0
31,25,91,20125858[us],0
28,28,86,20143047[us],0
34,26,83,20160134[us],0
29,24,79,20177322[us],0
30,23,82,20194406[us],0
34,22,82,20211532[us],0
34,23,51,20228607[us],0
31,24,50,20245733[us],0
34,19,37,20262875[us],0
35,21,31,20283599[us],0
29,22,9,20300753[us],0
31,21,21,20317910[us],0
32,27,26,20335086[us],0
32,21,25,20352928[us],0
32,24,85,20376954[us],0
32,24,80,20394126[us],0
29,18,84,20411246[us],0
32,23,55,20428402[us],0
33,21,56,20445500[us],0
30,23,44,20462623[us],0
31,21,35,20479658[us],0
30,21,0,20496753[us],0
29,24,0,20513859[us],0
30,20,12,20530954[us],0
29,23,16,20548071[us],0
32,20,16,20565168[us],0
35,23,19,20582200[us],0
30,20,21,20599297[us],0
34,23,23,20616329[us],0
33,20,26,20633520[us],0
32,23,47,20655106[us],0
34,24,47,20672243[us],0
35,24,43,20689276[us],0
30,23,44,20706343[us],0
34,24,114,20723469[us],0
33,35,125,20740560[us],0
34,29,136,20757635[us],0
36,28,134,20774729[us],0
35,27,134,20791921[us],0
35,34,126,20808961[us],0
32,30,102,20826133[us],0
43,26,100,20843225[us],0
32,24,88,20860375[us],0
32,23,100,20877418[us],0
33,23,90,20894516[us],0
32,23,27,20911654[us],0
27,22,16,20928827[us],0
28,21,7,20945905[us],0
33,18,0,20962950[us],0
29,22,0,20980071[us],0
33,20,0,21000740[us],0
31,24,9,21017729[us],0
27,23,0,21034861[us],0
31,24,6,21052004[us],0
31,22,1,21069220[us],0
36,21,14,21086243[us],0
34,26,40,21103336[us],0
31,24,28,21120373[us],0
31,23,31,21137599[us],0
36,27,26,21154646[us],0
34,24,36,21171754[us],0
32,25,32,21188897[us],0
32,25,36,21206103[us],0
31,25,90,21223132[us],0
31,26,121,21240200[us],0
29,29,113,21257306[us],0
